60	0.066498	
80	0.0919703	
100	0.1216	
120	0.163958	
140	0.200665	
160	0.253613	
180	0.31151	
200	0.373324	
220	0.446118	
240	0.521103	
260	0.593987	
280	0.686625	
300	0.781857	
320	0.882255	
340	0.987793	
360	1.10031	
380	1.21902	
400	1.35338	
420	1.48275	
440	1.61424	
440	1.62292	
460	1.752	
480	1.90495	
500	2.06307	
520	2.21254	
540	2.39021	
560	2.56912	
580	2.74715	
600	2.93529	
620	3.12692	
640	3.33018	
660	3.53816	
680	3.75017	
700	3.96882	
720	4.19671	
740	4.43075	
760	4.67404	
780	4.91093	
800	5.17581	
820	5.43467	

