0	0	0	0	0	0	0	0	0	0	
0.40176	0.42596	0.445979	0.459281	0.463952	0.459281	0.445979	0.42596	0.40176	0.375806	
0.487592	0.614018	1.04992	1.15838	1.18291	1.15838	1.04992	0.614018	0.487592	0.4244	
0.574232	0.766033	1.30416	1.47065	1.51103	1.47065	1.30416	0.766033	0.574232	0.477963	
0.648619	0.873498	1.44887	1.64204	1.69147	1.64204	1.44887	0.873498	0.648619	0.529229	
0.709655	0.952903	1.54662	1.75316	1.8074	1.75316	1.54662	0.952903	0.709655	0.575033	
0.759482	1.01372	1.61767	1.83149	1.88836	1.83149	1.61767	1.01372	0.759482	0.614779	
0.67365	0.825664	1.01372	1.13239	1.16941	1.13239	1.01372	0.825664	0.67365	0.566185	
0.58701	0.67365	0.759482	0.820119	0.84129	0.820119	0.759482	0.67365	0.58701	0.512623	
0.512623	0.566185	0.614779	0.648731	0.660843	0.648731	0.614779	0.566185	0.512623	0.461357	
