118.475	121.746	125.107	128.546	132.047	135.592	139.153	142.7	146.197	149.601	152.87	155.958	158.82	161.414	163.705	165.66	167.253	168.465	169.28	169.69	169.69	169.28	168.465	167.253	165.66	163.705	161.414	158.82	155.958	152.87	149.601	146.197	142.7	139.153	135.592	132.047	128.546	125.107	121.746	118.475	
121.746	125.313	128.997	132.789	136.673	140.628	144.627	148.633	152.603	156.487	160.229	163.772	167.062	170.046	172.679	174.926	176.755	178.145	179.08	179.55	179.55	179.08	178.145	176.755	174.926	172.679	170.046	167.062	163.772	160.229	156.487	152.603	148.633	144.627	140.628	136.673	132.789	128.997	125.313	121.746	
125.107	128.997	133.039	137.226	141.544	145.972	150.481	155.029	159.565	164.025	168.341	172.437	176.243	179.696	182.74	185.333	187.441	189.041	190.116	190.656	190.656	190.116	189.041	187.441	185.333	182.74	179.696	176.243	172.437	168.341	164.025	159.565	155.029	150.481	145.972	141.544	137.226	133.039	128.997	125.107	
128.546	132.789	137.226	141.855	146.665	151.639	156.745	161.94	167.159	172.325	177.344	182.12	186.56	190.582	194.12	197.126	199.563	201.408	202.645	203.266	203.266	202.645	201.408	199.563	197.126	194.12	190.582	186.56	182.12	177.344	172.325	167.159	161.94	156.745	151.639	146.665	141.855	137.226	132.789	128.546	
132.047	136.673	141.544	146.665	152.034	157.637	163.449	169.421	175.48	181.523	187.426	193.053	198.28	202.999	207.134	210.631	213.456	215.587	217.012	217.726	217.726	217.012	215.587	213.456	210.631	207.134	202.999	198.28	193.053	187.426	181.523	175.48	169.421	163.449	157.637	152.034	146.665	141.544	136.673	132.047	
135.592	140.628	145.972	151.639	157.637	163.968	170.615	177.534	184.641	191.804	198.845	205.566	211.787	217.372	222.23	226.31	229.587	232.048	233.689	234.51	234.51	233.689	232.048	229.587	226.31	222.23	217.372	211.787	205.566	198.845	191.804	184.641	177.534	170.615	163.968	157.637	151.639	145.972	140.628	135.592	
139.153	144.627	150.481	156.745	163.449	170.615	178.25	186.333	194.781	203.425	211.994	220.168	227.676	234.34	240.073	244.842	248.641	251.478	253.362	254.301	254.301	253.362	251.478	248.641	244.842	240.073	234.34	227.676	220.168	211.994	203.425	194.781	186.333	178.25	170.615	163.449	156.745	150.481	144.627	139.153	
142.7	148.633	155.029	161.94	169.421	177.534	186.333	195.854	206.063	216.769	227.524	237.733	246.946	254.965	261.746	267.313	271.704	274.96	277.112	278.183	278.183	277.112	274.96	271.704	267.313	261.746	254.965	246.946	237.733	227.524	216.769	206.063	195.854	186.333	177.534	169.421	161.94	155.029	148.633	142.7	
146.197	152.603	159.565	167.159	175.48	184.641	194.781	206.063	218.637	232.456	246.74	260.034	271.557	281.252	289.26	295.726	300.771	304.482	306.923	308.134	308.134	306.923	304.482	300.771	295.726	289.26	281.252	271.557	260.034	246.74	232.456	218.637	206.063	194.781	184.641	175.48	167.159	159.565	152.603	146.197	
149.601	156.487	164.025	172.325	181.523	191.804	203.425	216.769	232.456	251.552	273.594	292.14	306.721	318.396	327.771	335.211	340.949	345.139	347.881	349.238	349.238	347.881	345.139	340.949	335.211	327.771	318.396	306.721	292.14	273.594	251.552	232.456	216.769	203.425	191.804	181.523	172.325	164.025	156.487	149.601	
152.87	160.229	168.341	177.344	187.426	198.845	211.994	227.524	246.74	273.594	323.178	349.456	367.514	381.295	392.088	400.523	406.965	411.639	414.686	416.189	416.189	414.686	411.639	406.965	400.523	392.088	381.295	367.514	349.456	323.178	273.594	246.74	227.524	211.994	198.845	187.426	177.344	168.341	160.229	152.87	
155.958	163.772	172.437	182.12	193.053	205.566	220.168	237.733	260.034	292.14	349.456	380.961	402.055	417.793	429.935	439.328	446.451	451.593	454.934	456.58	456.58	454.934	451.593	446.451	439.328	429.935	417.793	402.055	380.961	349.456	292.14	260.034	237.733	220.168	205.566	193.053	182.12	172.437	163.772	155.958	
158.82	167.062	176.243	186.56	198.28	211.787	227.676	246.946	271.557	306.721	367.514	402.055	425.411	442.784	456.114	466.375	474.124	479.701	483.317	485.097	485.097	483.317	479.701	474.124	466.375	456.114	442.784	425.411	402.055	367.514	306.721	271.557	246.946	227.676	211.787	198.28	186.56	176.243	167.062	158.82	
161.414	170.046	179.696	190.582	202.999	217.372	234.34	254.965	281.252	318.396	381.295	417.793	442.784	461.447	475.767	486.776	495.076	501.041	504.905	506.805	506.805	504.905	501.041	495.076	486.776	475.767	461.447	442.784	417.793	381.295	318.396	281.252	254.965	234.34	217.372	202.999	190.582	179.696	170.046	161.414	
163.705	172.679	182.74	194.12	207.134	222.23	240.073	261.746	289.26	327.771	392.088	429.935	456.114	475.767	490.883	502.511	511.278	517.576	521.653	523.658	523.658	521.653	517.576	511.278	502.511	490.883	475.767	456.114	429.935	392.088	327.771	289.26	261.746	240.073	222.23	207.134	194.12	182.74	172.679	163.705	
165.66	174.926	185.333	197.126	210.631	226.31	244.842	267.313	295.726	335.211	400.523	439.328	466.375	486.776	502.511	514.634	523.78	530.352	534.607	536.699	536.699	534.607	530.352	523.78	514.634	502.511	486.776	466.375	439.328	400.523	335.211	295.726	267.313	244.842	226.31	210.631	197.126	185.333	174.926	165.66	
167.253	176.755	187.441	199.563	213.456	229.587	248.641	271.704	300.771	340.949	406.965	446.451	474.124	495.076	511.278	523.78	533.221	540.009	544.405	546.566	546.566	544.405	540.009	533.221	523.78	511.278	495.076	474.124	446.451	406.965	340.949	300.771	271.704	248.641	229.587	213.456	199.563	187.441	176.755	167.253	
168.465	178.145	189.041	201.408	215.587	232.048	251.478	274.96	304.482	345.139	411.639	451.593	479.701	501.041	517.576	530.352	540.009	546.956	551.456	553.669	553.669	551.456	546.956	540.009	530.352	517.576	501.041	479.701	451.593	411.639	345.139	304.482	274.96	251.478	232.048	215.587	201.408	189.041	178.145	168.465	
169.28	179.08	190.116	202.645	217.012	233.689	253.362	277.112	306.923	347.881	414.686	454.934	483.317	504.905	521.653	534.607	544.405	551.456	556.026	558.273	558.273	556.026	551.456	544.405	534.607	521.653	504.905	483.317	454.934	414.686	347.881	306.923	277.112	253.362	233.689	217.012	202.645	190.116	179.08	169.28	
169.69	179.55	190.656	203.266	217.726	234.51	254.301	278.183	308.134	349.238	416.189	456.58	485.097	506.805	523.658	536.699	546.566	553.669	558.273	560.537	560.537	558.273	553.669	546.566	536.699	523.658	506.805	485.097	456.58	416.189	349.238	308.134	278.183	254.301	234.51	217.726	203.266	190.656	179.55	169.69	
169.69	179.55	190.656	203.266	217.726	234.51	254.301	278.183	308.134	349.238	416.189	456.58	485.097	506.805	523.658	536.699	546.566	553.669	558.273	560.537	560.537	558.273	553.669	546.566	536.699	523.658	506.805	485.097	456.58	416.189	349.238	308.134	278.183	254.301	234.51	217.726	203.266	190.656	179.55	169.69	
169.28	179.08	190.116	202.645	217.012	233.689	253.362	277.112	306.923	347.881	414.686	454.934	483.317	504.905	521.653	534.607	544.405	551.456	556.026	558.273	558.273	556.026	551.456	544.405	534.607	521.653	504.905	483.317	454.934	414.686	347.881	306.923	277.112	253.362	233.689	217.012	202.645	190.116	179.08	169.28	
168.465	178.145	189.041	201.408	215.587	232.048	251.478	274.96	304.482	345.139	411.639	451.593	479.701	501.041	517.576	530.352	540.009	546.956	551.456	553.669	553.669	551.456	546.956	540.009	530.352	517.576	501.041	479.701	451.593	411.639	345.139	304.482	274.96	251.478	232.048	215.587	201.408	189.041	178.145	168.465	
167.253	176.755	187.441	199.563	213.456	229.587	248.641	271.704	300.771	340.949	406.965	446.451	474.124	495.076	511.278	523.78	533.221	540.009	544.405	546.566	546.566	544.405	540.009	533.221	523.78	511.278	495.076	474.124	446.451	406.965	340.949	300.771	271.704	248.641	229.587	213.456	199.563	187.441	176.755	167.253	
165.66	174.926	185.333	197.126	210.631	226.31	244.842	267.313	295.726	335.211	400.523	439.328	466.375	486.776	502.511	514.634	523.78	530.352	534.607	536.699	536.699	534.607	530.352	523.78	514.634	502.511	486.776	466.375	439.328	400.523	335.211	295.726	267.313	244.842	226.31	210.631	197.126	185.333	174.926	165.66	
163.705	172.679	182.74	194.12	207.134	222.23	240.073	261.746	289.26	327.771	392.088	429.935	456.114	475.767	490.883	502.511	511.278	517.576	521.653	523.658	523.658	521.653	517.576	511.278	502.511	490.883	475.767	456.114	429.935	392.088	327.771	289.26	261.746	240.073	222.23	207.134	194.12	182.74	172.679	163.705	
161.414	170.046	179.696	190.582	202.999	217.372	234.34	254.965	281.252	318.396	381.295	417.793	442.784	461.447	475.767	486.776	495.076	501.041	504.905	506.805	506.805	504.905	501.041	495.076	486.776	475.767	461.447	442.784	417.793	381.295	318.396	281.252	254.965	234.34	217.372	202.999	190.582	179.696	170.046	161.414	
158.82	167.062	176.243	186.56	198.28	211.787	227.676	246.946	271.557	306.721	367.514	402.055	425.411	442.784	456.114	466.375	474.124	479.701	483.317	485.097	485.097	483.317	479.701	474.124	466.375	456.114	442.784	425.411	402.055	367.514	306.721	271.557	246.946	227.676	211.787	198.28	186.56	176.243	167.062	158.82	
155.958	163.772	172.437	182.12	193.053	205.566	220.168	237.733	260.034	292.14	349.456	380.961	402.055	417.793	429.935	439.328	446.451	451.593	454.934	456.58	456.58	454.934	451.593	446.451	439.328	429.935	417.793	402.055	380.961	349.456	292.14	260.034	237.733	220.168	205.566	193.053	182.12	172.437	163.772	155.958	
152.87	160.229	168.341	177.344	187.426	198.845	211.994	227.524	246.74	273.594	323.178	349.456	367.514	381.295	392.088	400.523	406.965	411.639	414.686	416.189	416.189	414.686	411.639	406.965	400.523	392.088	381.295	367.514	349.456	323.178	273.594	246.74	227.524	211.994	198.845	187.426	177.344	168.341	160.229	152.87	
149.601	156.487	164.025	172.325	181.523	191.804	203.425	216.769	232.456	251.552	273.594	292.14	306.721	318.396	327.771	335.211	340.949	345.139	347.881	349.238	349.238	347.881	345.139	340.949	335.211	327.771	318.396	306.721	292.14	273.594	251.552	232.456	216.769	203.425	191.804	181.523	172.325	164.025	156.487	149.601	
146.197	152.603	159.565	167.159	175.48	184.641	194.781	206.063	218.637	232.456	246.74	260.034	271.557	281.252	289.26	295.726	300.771	304.482	306.923	308.134	308.134	306.923	304.482	300.771	295.726	289.26	281.252	271.557	260.034	246.74	232.456	218.637	206.063	194.781	184.641	175.48	167.159	159.565	152.603	146.197	
142.7	148.633	155.029	161.94	169.421	177.534	186.333	195.854	206.063	216.769	227.524	237.733	246.946	254.965	261.746	267.313	271.704	274.96	277.112	278.183	278.183	277.112	274.96	271.704	267.313	261.746	254.965	246.946	237.733	227.524	216.769	206.063	195.854	186.333	177.534	169.421	161.94	155.029	148.633	142.7	
139.153	144.627	150.481	156.745	163.449	170.615	178.25	186.333	194.781	203.425	211.994	220.168	227.676	234.34	240.073	244.842	248.641	251.478	253.362	254.301	254.301	253.362	251.478	248.641	244.842	240.073	234.34	227.676	220.168	211.994	203.425	194.781	186.333	178.25	170.615	163.449	156.745	150.481	144.627	139.153	
135.592	140.628	145.972	151.639	157.637	163.968	170.615	177.534	184.641	191.804	198.845	205.566	211.787	217.372	222.23	226.31	229.587	232.048	233.689	234.51	234.51	233.689	232.048	229.587	226.31	222.23	217.372	211.787	205.566	198.845	191.804	184.641	177.534	170.615	163.968	157.637	151.639	145.972	140.628	135.592	
132.047	136.673	141.544	146.665	152.034	157.637	163.449	169.421	175.48	181.523	187.426	193.053	198.28	202.999	207.134	210.631	213.456	215.587	217.012	217.726	217.726	217.012	215.587	213.456	210.631	207.134	202.999	198.28	193.053	187.426	181.523	175.48	169.421	163.449	157.637	152.034	146.665	141.544	136.673	132.047	
128.546	132.789	137.226	141.855	146.665	151.639	156.745	161.94	167.159	172.325	177.344	182.12	186.56	190.582	194.12	197.126	199.563	201.408	202.645	203.266	203.266	202.645	201.408	199.563	197.126	194.12	190.582	186.56	182.12	177.344	172.325	167.159	161.94	156.745	151.639	146.665	141.855	137.226	132.789	128.546	
125.107	128.997	133.039	137.226	141.544	145.972	150.481	155.029	159.565	164.025	168.341	172.437	176.243	179.696	182.74	185.333	187.441	189.041	190.116	190.656	190.656	190.116	189.041	187.441	185.333	182.74	179.696	176.243	172.437	168.341	164.025	159.565	155.029	150.481	145.972	141.544	137.226	133.039	128.997	125.107	
121.746	125.313	128.997	132.789	136.673	140.628	144.627	148.633	152.603	156.487	160.229	163.772	167.062	170.046	172.679	174.926	176.755	178.145	179.08	179.55	179.55	179.08	178.145	176.755	174.926	172.679	170.046	167.062	163.772	160.229	156.487	152.603	148.633	144.627	140.628	136.673	132.789	128.997	125.313	121.746	
118.475	121.746	125.107	128.546	132.047	135.592	139.153	142.7	146.197	149.601	152.87	155.958	158.82	161.414	163.705	165.66	167.253	168.465	169.28	169.69	169.69	169.28	168.465	167.253	165.66	163.705	161.414	158.82	155.958	152.87	149.601	146.197	142.7	139.153	135.592	132.047	128.546	125.107	121.746	118.475	
