0.063065	0.0805638	0.10459	0.112846	0.213395	0.282878	0.285439	0.35613	0.467976	0.462127	0.461481	0.501343	0.433328	0.367384	0.390926	0.347818	
0.0532384	0.0626073	0.0890919	0.0864923	0.178602	0.26588	0.273854	0.367319	0.473241	0.473737	0.468519	0.521629	0.460323	0.379054	0.390605	0.319595	
0.031176	0.0334899	0.0654062	0.038471	0.149993	0.268798	0.285392	0.395602	0.493322	0.507061	0.498006	0.58142	0.493894	0.38648	0.381455	0.301294	
0.0174402	0.0184759	0.0526561	0.010237	0.181422	0.318345	0.340043	0.452165	0.546677	0.56848	0.561403	0.656471	0.503374	0.382014	0.368414	0.294628	
0.0249475	0.0257893	0.0587898	0.0306053	0.267368	0.384844	0.407275	0.50565	0.603382	0.621893	0.616965	0.681058	0.464069	0.359229	0.345806	0.280163	
0.0300699	0.0292283	0.0657265	0.0722872	0.334716	0.408957	0.434725	0.514537	0.62343	0.631619	0.619332	0.631337	0.397061	0.326097	0.312045	0.249506	
-0.00172767	0.00571388	0.054447	0.0878729	0.334839	0.382751	0.419139	0.490442	0.617942	0.611758	0.582671	0.563518	0.352193	0.3016	0.280865	0.220977	
-0.062532	-0.0236856	0.0370715	0.079336	0.312447	0.369321	0.417163	0.493473	0.636384	0.606833	0.563439	0.543771	0.347877	0.294774	0.266598	0.214981	
-0.0996937	-0.0145113	0.0465908	0.0987985	0.347305	0.421352	0.469692	0.55145	0.691139	0.627305	0.582425	0.561225	0.348951	0.293348	0.263736	0.225474	
-0.0779994	0.0418585	0.0938687	0.174538	0.443408	0.506054	0.540879	0.614235	0.730956	0.633237	0.596639	0.546194	0.31663	0.280069	0.254101	0.229184	
-0.0242736	0.104526	0.151193	0.266652	0.519539	0.54359	0.56056	0.615504	0.708004	0.591533	0.561555	0.469346	0.26345	0.256462	0.233862	0.217832	
0.00920348	0.136235	0.186239	0.31589	0.514412	0.509221	0.515202	0.561259	0.644196	0.524846	0.494291	0.383596	0.237423	0.241332	0.220225	0.206266	
0.013243	0.148437	0.199581	0.316006	0.460817	0.460377	0.46339	0.521469	0.601096	0.482893	0.449557	0.354019	0.258473	0.245505	0.226449	0.207641	
0.0281573	0.176389	0.215738	0.310524	0.433379	0.456826	0.458003	0.536678	0.597966	0.479363	0.447368	0.377624	0.294601	0.257389	0.241586	0.214794	
0.0826166	0.224359	0.244803	0.327069	0.452529	0.487976	0.484236	0.569456	0.594737	0.482694	0.455116	0.399353	0.305529	0.258385	0.244747	0.213459	
0.152476	0.260024	0.269725	0.346172	0.474486	0.499855	0.4912	0.561732	0.557006	0.465916	0.440349	0.38872	0.289112	0.245802	0.232529	0.2037	
