0.105488	0.55694	0.271436	0.0977132	0.552957	0.271021	0.116139	0.540494	0.270535
0.0937278	0.55901	0.270334	0.0951249	0.560676	0.271594	0.116001	0.557246	0.271451
4.26126e-05	1.44584	0.531007	4.57249e-06	1.454	0.532499	9.96994e-06	1.45607	0.533303
0.0811298	0.559333	0.269781	0.093714	0.562065	0.27173	0.115788	0.561459	0.271654
0.0800138	0.548679	0.270413	0.0957763	0.562621	0.273977	0.115059	0.566351	0.274353
0.0722314	0.509923	0.26398	0.0934185	0.519713	0.263855	0.115281	0.524115	0.263993
0.0744859	0.550503	0.266616	0.092796	0.555699	0.26841	0.114913	0.553834	0.268077
0.0694673	0.559363	0.269747	0.0930207	0.562049	0.271771	0.115494	0.562202	0.271679
8.10006e-05	1.7032	0.536424	1.34312e-05	1.71243	0.539426	3.18781e-05	1.7137	0.539387
0.0683772	0.547766	0.269985	0.0953861	0.562841	0.273882	0.115184	0.568033	0.274322
0.0695366	0.531157	0.264603	0.0947244	0.546173	0.266431	0.115247	0.552855	0.267152
0.0628544	0.509437	0.267298	0.0929232	0.518273	0.263732	0.115328	0.521302	0.263692
0.0705278	0.53018	0.264949	0.0919797	0.537736	0.266983	0.114263	0.537103	0.266808
0.0636944	0.551568	0.266566	0.0926298	0.557863	0.268758	0.114591	0.557219	0.268471
0.0650476	0.55845	0.270259	0.093119	0.563437	0.272054	0.115346	0.563414	0.271807
0.060652	0.559349	0.270301	0.0926966	0.561852	0.271786	0.115136	0.562102	0.27168
0.0699656	0.557128	0.262246	0.0926886	0.560053	0.264983	0.114607	0.559804	0.264924
0.0633353	0.551182	0.26613	0.0939304	0.555432	0.269551	0.114903	0.555083	0.26972
0.0666718	0.548085	0.269059	0.0947069	0.555992	0.272418	0.115253	0.55734	0.272794
0.0602698	0.547263	0.269799	0.0951834	0.562695	0.273771	0.11526	0.568223	0.274174
0.0713083	0.541774	0.268856	0.0951071	0.558871	0.271568	0.115276	0.565091	0.27205
0.0596844	0.542598	0.2658	0.0943999	0.543746	0.265842	0.115297	0.549015	0.266221
0.0488243	0.650574	0.269334	0.0934324	0.527726	0.263388	0.115318	0.531016	0.26344
3.95736e-05	0.626897	0.253773	0.0211271	0.636243	0.243034	0.0214095	0.63852	0.242952
1.00493e-06	2.55514	0.543959	1.73735e-07	2.56253	0.545809	1.24735e-07	2.56333	0.545627
0.0605807	0.531243	0.264861	0.0917874	0.539837	0.267095	0.113735	0.540266	0.266976
1.24586e-06	2.22972	0.53349	1.00852e-06	2.23563	0.535435	1.88585e-06	2.23661	0.535371
0.0564372	0.552077	0.266534	0.0925522	0.558877	0.268965	0.114331	0.55879	0.268738
0.00982182	1.55115	0.525052	0.0102019	1.55692	0.526812	0.0100296	1.55735	0.526593
0.0548474	0.558573	0.270425	0.0929539	0.563683	0.272234	0.115166	0.563922	0.27204
0.000137106	1.39623	0.541862	4.19617e-05	1.39901	0.542762	2.12267e-05	1.39891	0.542602
0.054251	0.559339	0.271749	0.0925415	0.561709	0.271791	0.114957	0.561919	0.271679
7.32721e-08	0.925401	0.261621	1.62292e-07	0.93111	0.26401	1.89009e-07	0.932339	0.264137
0.0602195	0.556929	0.262237	0.0925834	0.559826	0.26519	0.114213	0.55946	0.265231
0.142714	1.48296	0.544325	0.153396	1.48758	0.547321	0.153622	1.48777	0.547495
0.056301	0.550906	0.266107	0.0938613	0.555149	0.269732	0.114733	0.554725	0.26999
0.0360037	1.43208	0.534831	0.0379257	1.44092	0.537986	0.0381923	1.44197	0.538328
0.0549568	0.547923	0.268936	0.0946276	0.55606	0.272429	0.115295	0.557824	0.272793
0.0517787	0.54771	0.269786	0.0948998	0.559661	0.27333	0.115297	0.564184	0.273678
0.110698	1.2353	0.539932	0.173156	1.2482	0.543816	0.172989	1.25252	0.544182
0.072527	0.54483	0.270003	0.0951066	0.562081	0.273046	0.115304	0.567967	0.273384
0.0616881	0.541378	0.269035	0.0949669	0.557963	0.271283	0.115308	0.56377	0.27164
0.056851	0.653674	0.268207	0.0946608	0.55097	0.268177	0.115314	0.556363	0.268529
0.0429949	0.797109	0.268895	0.0942387	0.542563	0.265565	0.115319	0.547086	0.265787
0.0416214	0.957605	0.273063	0.0937503	0.534239	0.264093	0.115325	0.537661	0.264183
0.0164992	1.01143	0.278305	0.0932834	0.526961	0.263291	0.11533	0.529915	0.263276
0.0172604	0.926522	0.28467	0.0928551	0.521303	0.263386	0.115209	0.524237	0.263325
0.0508649	0.998772	0.288954	0.0925541	0.517868	0.263672	0.11491	0.520525	0.263595
0.157675	1.19351	0.534533	0.156686	1.20131	0.536328	0.159146	1.20323	0.53615
0.0589308	0.515257	0.263346	0.0919509	0.523381	0.265348	0.114136	0.524327	0.265189
2.84747e-08	1.81376	0.339973	3.07341e-08	1.8124	0.341689	2.78697e-08	1.81257	0.34167
0.0537114	0.531769	0.264812	0.0916954	0.540866	0.267145	0.113474	0.541803	0.267048
0.0638665	0.538615	0.265663	0.0916778	0.547402	0.267555	0.113312	0.548222	0.267465
0.0509483	0.544243	0.265454	0.0917622	0.552432	0.267492	0.113342	0.553048	0.267374
0.0478531	0.548786	0.265982	0.092042	0.556341	0.268054	0.113658	0.556709	0.267881
0.0513181	0.552326	0.266504	0.0924929	0.559366	0.269076	0.114205	0.559544	0.268889
0.0676416	0.554951	0.26857	0.0929022	0.56157	0.270255	0.114763	0.561684	0.270058
0.0567376	0.556771	0.269473	0.0930216	0.562974	0.27133	0.115161	0.563136	0.271162
0.0529588	0.557944	0.270202	0.0929525	0.563661	0.271851	0.115148	0.563924	0.271701
0.0474486	0.558631	0.270801	0.0928721	0.563788	0.27233	0.115075	0.564138	0.272169
1.31281e-05	0.671334	0.251212	0.0190636	0.680291	0.251664	0.01912	0.681562	0.251516
0.0424326	0.559187	0.273261	0.0927032	0.563001	0.272749	0.114934	0.563372	0.272608
