0.114971	0.533877	0.270173	0.116294	0.544056	0.270627	0.116872	0.554026	0.271224
0.115465	0.552081	0.271088	0.115223	0.545651	0.270705	0.114847	0.538786	0.270314
9.68394e-05	1.46186	0.534276	0.000134122	1.46986	0.535467	5.77502e-05	1.47694	0.5367
0.114969	0.560011	0.271548	0.115703	0.557954	0.271446	0.115581	0.555621	0.271312
0.114685	0.566515	0.274335	0.114295	0.564761	0.274116	0.113896	0.561949	0.273743
0.114787	0.528343	0.264173	0.114847	0.532952	0.264443	0.114585	0.537893	0.264795
0.112578	0.55094	0.267814	0.113726	0.547751	0.267623	0.113227	0.544552	0.267488
0.114348	0.562053	0.27162	0.115593	0.561494	0.271585	0.115557	0.560644	0.271559
1.02852e-05	1.71376	0.539042	2.98049e-05	1.71338	0.538579	4.26802e-05	1.71281	0.53807
0.11499	0.570094	0.274514	0.114784	0.570622	0.274589	0.114569	0.570334	0.274593
0.11511	0.557405	0.267814	0.114962	0.560917	0.268458	0.114801	0.563882	0.269095
0.114315	0.523428	0.263659	0.115172	0.525181	0.263649	0.115084	0.526843	0.263669
0.112426	0.535248	0.266595	0.113871	0.533056	0.266354	0.113597	0.530833	0.266104
0.11258	0.555606	0.268232	0.113798	0.553696	0.26802	0.113343	0.551759	0.267837
0.114287	0.562783	0.271612	0.11547	0.561893	0.27144	0.11541	0.560905	0.271289
0.114052	0.562334	0.271632	0.115481	0.562348	0.271604	0.115402	0.562206	0.271594
0.112595	0.559629	0.264646	0.11383	0.559793	0.264305	0.113415	0.560414	0.263962
0.112203	0.554633	0.269627	0.112869	0.554258	0.269426	0.112027	0.55411	0.269184
0.115007	0.557769	0.272945	0.115033	0.557646	0.272995	0.114915	0.557253	0.273003
0.115166	0.57075	0.274375	0.115065	0.571885	0.274482	0.114959	0.572335	0.274548
0.115198	0.568535	0.272385	0.115115	0.5707	0.272643	0.115027	0.572223	0.272864
0.115236	0.55232	0.266546	0.115172	0.554702	0.266843	0.115104	0.556655	0.267138
0.114716	0.533344	0.263506	0.115228	0.535176	0.263579	0.11518	0.536746	0.26367
0.0216169	0.639919	0.242866	0.0217161	0.640908	0.242784	0.0217704	0.641717	0.242716
9.5638e-08	2.5633	0.545436	1.88821e-07	2.56292	0.545231	1.38292e-06	2.5624	0.545033
0.112142	0.53948	0.266849	0.113532	0.538342	0.266699	0.11327	0.537151	0.266547
2.39345e-06	2.23714	0.535324	5.88756e-07	2.23745	0.535272	1.67671e-06	2.23765	0.535227
0.11262	0.557778	0.268559	0.113878	0.556485	0.268392	0.113512	0.555161	0.268243
0.00963004	1.55734	0.526414	0.00909671	1.55714	0.526238	0.00848123	1.5569	0.526072
0.11414	0.563643	0.271903	0.115407	0.563154	0.271778	0.115414	0.562604	0.271671
6.37462e-05	1.39894	0.542512	6.58128e-05	1.39891	0.542437	1.2157e-05	1.39885	0.542381
0.113916	0.562226	0.271634	0.115408	0.5624	0.271607	0.115332	0.562487	0.271599
4.54695e-08	0.933212	0.264057	6.45237e-08	0.933818	0.263907	4.77316e-08	0.934274	0.26375
0.112371	0.559124	0.265068	0.113534	0.558921	0.264837	0.11311	0.559306	0.264601
0.153564	1.48794	0.547451	0.153502	1.48807	0.54732	0.153439	1.48823	0.547169
0.112259	0.554165	0.270006	0.112932	0.553641	0.269917	0.112141	0.553233	0.269794
0.038291	1.44203	0.538431	0.038303	1.44175	0.538423	0.0382944	1.44142	0.538371
0.115016	0.55878	0.272944	0.115186	0.559246	0.272995	0.115127	0.559397	0.27301
0.115247	0.56635	0.27383	0.115194	0.567273	0.273889	0.115139	0.567597	0.273913
0.172874	1.25478	0.544363	0.172784	1.25605	0.544456	0.172708	1.25684	0.544516
0.115262	0.570923	0.273569	0.115218	0.572551	0.273676	0.115172	0.573535	0.273755
0.115271	0.566855	0.271875	0.115232	0.568706	0.272042	0.115192	0.569966	0.272184
0.115281	0.559345	0.268793	0.115247	0.561235	0.269005	0.115212	0.562618	0.269202
0.115291	0.549711	0.26596	0.115262	0.551446	0.266098	0.115232	0.552779	0.26623
0.115095	0.539776	0.26426	0.115276	0.54127	0.264317	0.115252	0.542472	0.264375
0.114561	0.531926	0.263267	0.11529	0.53342	0.263253	0.11527	0.534626	0.263249
0.114215	0.526134	0.263257	0.115302	0.527452	0.263185	0.115287	0.528467	0.263124
0.113921	0.522083	0.263497	0.115313	0.523066	0.263396	0.115302	0.523758	0.263306
0.158962	1.20429	0.535998	0.15911	1.2049	0.535844	0.159077	1.20528	0.535701
0.112884	0.524453	0.26504	0.114408	0.524432	0.264877	0.114264	0.524351	0.264722
4.52168e-08	1.81259	0.341611	1.04759e-07	1.81263	0.341524	1.13963e-08	1.81267	0.341433
0.112004	0.541527	0.266954	0.113369	0.540889	0.266839	0.113113	0.540186	0.266727
0.111774	0.547853	0.267394	0.113091	0.547121	0.267309	0.112805	0.546322	0.267229
0.111759	0.552542	0.267295	0.113043	0.5517	0.267215	0.112733	0.550805	0.267146
0.112062	0.556054	0.267761	0.113327	0.555098	0.267648	0.112997	0.554108	0.267552
0.112646	0.55882	0.268753	0.113931	0.557829	0.268624	0.113606	0.556813	0.268512
0.113281	0.561028	0.269913	0.11462	0.56015	0.269772	0.114329	0.55926	0.269646
0.11376	0.562647	0.271043	0.115159	0.561971	0.270926	0.114911	0.56129	0.270823
0.114028	0.563621	0.271608	0.115372	0.563141	0.271523	0.115249	0.562639	0.271455
0.114045	0.564008	0.272071	0.115373	0.563689	0.27198	0.115377	0.563324	0.271907
0.0192188	0.681839	0.251432	0.019285	0.681748	0.251356	0.0193542	0.681552	0.251295
0.11392	0.563518	0.27254	0.115374	0.563486	0.272484	0.115342	0.563381	0.272447
