   0.112373   0.0778871    0.114172   0.0980944    0.116751    0.120898    0.120275    0.145331    0.129074    0.181206    0.136513     0.20368    0.134081    0.218729    0.126448    0.228166    0.115443    0.232667    0.102044      0.2324   0.0867512    0.227235   0.0696609    0.216702   0.0497568    0.198289   0.0346693    0.190332   0.0283339    0.181543   0.0247707    0.171498   0.0235889    0.160184   0.0245012
   0.264152  -0.0491035    0.282073  -0.0447996    0.297722  -0.0353093    0.310984  -0.0203267    0.329432   0.0119021    0.339878   0.0323698    0.336832   0.0492715    0.324649   0.0640851    0.305094   0.0771998    0.279332   0.0884412    0.248132   0.0971234    0.211614    0.101558    0.167026    0.101709    0.137177    0.115899    0.108078    0.126815   0.0811538    0.136166   0.0574446    0.143683     0.03749
   0.220162   0.0161766    0.223711   0.0363505     0.22621    0.060654    0.227937   0.0884044    0.235823    0.133717    0.241965    0.165563    0.236491    0.191128    0.224497    0.211765    0.207834    0.227712    0.187647    0.238794    0.164711    0.244591    0.139466    0.244407    0.111368    0.235764   0.0870853    0.233561   0.0704054    0.228984   0.0573143    0.221824   0.0479471    0.212087   0.0423301
   0.133484   0.0368391    0.146776   0.0428515    0.160393   0.0522567     0.17433   0.0648663    0.196145   0.0974441    0.217036    0.116346    0.225497    0.129642    0.226409    0.139228    0.221364    0.145843    0.211281    0.149754    0.196751    0.150903    0.178089    0.148896    0.154605    0.140701    0.130646    0.139544     0.11162    0.139041   0.0941393    0.138553   0.0783053    0.137786   0.0643085
   0.359874  -0.0834653    0.379093  -0.0741746    0.396252  -0.0579972    0.411614  -0.0348246    0.434005   0.0124048    0.451274   0.0456898    0.452082   0.0738773    0.441856   0.0984967    0.422655    0.119891      0.3959    0.137842    0.362648    0.151712    0.323621    0.160472    0.278799    0.161981    0.234825    0.168351    0.196103    0.173442    0.161197    0.177138    0.131011    0.178978    0.106041
   0.135584   0.0348252    0.140662   0.0506891    0.147027    0.071124    0.155657    0.096619    0.176969    0.145132    0.196264    0.175458    0.202535    0.197974     0.20152    0.214626    0.195158    0.226159    0.184591    0.232793    0.170464    0.234339    0.152952    0.230211    0.131492    0.219253    0.111895    0.212266   0.0965495    0.203824   0.0835583    0.194221   0.0731689     0.18354   0.0653976
    0.26334  -0.0654999    0.289658  -0.0669822    0.316575  -0.0606304     0.34569  -0.0430133    0.391717  0.00189327    0.425502   0.0271058    0.441135   0.0461107    0.444217   0.0615704     0.43702   0.0746385    0.420925   0.0855758     0.39668   0.0938079    0.364218   0.0975857    0.321673   0.0969624    0.282188    0.102004    0.241808    0.107329    0.203489    0.113772    0.168207    0.120646    0.136467
   0.259731  -0.0343765     0.27387  -0.0198781     0.28938  0.00357534     0.30873   0.0384181    0.344929    0.102655    0.374346    0.144696    0.384155    0.177107    0.381978     0.20316    0.371003    0.224118    0.353036    0.240159    0.328987    0.250552    0.298785    0.253443    0.261047    0.246495    0.220706    0.239899    0.184789    0.233543    0.153932    0.227267    0.128202    0.220261    0.107441
   0.135428  0.00311185    0.152894    0.007218    0.174765   0.0201072    0.206379    0.051898    0.274063    0.124347    0.328235    0.158714    0.355513    0.179473    0.369539    0.193196    0.374529    0.202522    0.372499    0.208606     0.36441    0.211551    0.350036    0.209344    0.324175    0.189185    0.279622    0.168368     0.24386    0.155617    0.213174    0.146729    0.185799    0.140149    0.161212
     0.4108   -0.149033    0.446653   -0.147604    0.485829   -0.130425    0.537491   -0.074143    0.686513   0.0737202    0.757098    0.120561    0.782044    0.151407    0.786934    0.176195    0.777783    0.197914    0.757372    0.217367    0.727199    0.233924    0.687498    0.243946    0.631263    0.195207    0.490552    0.154377    0.409856    0.143316    0.345162    0.141644    0.289928    0.143947    0.242367
   0.151334   -0.036444    0.160279  -0.0260316    0.174862  -0.0030047     0.20686   0.0658844    0.399109     0.27235    0.472291    0.324051    0.497507    0.354158    0.507346    0.375065    0.508809     0.39075    0.505126    0.403082    0.498441    0.413204    0.490875    0.421479    0.481552    0.350233    0.337522    0.282221    0.281493    0.248329    0.241612    0.223895    0.210231    0.203929    0.184817
   0.254567   -0.117394    0.286666   -0.126434    0.324416   -0.122115      0.3781  -0.0784522    0.570103    0.112711    0.671706    0.155674    0.713492     0.17598    0.733418    0.188404    0.739516    0.197686    0.735079     0.20575    0.721877    0.213127     0.70109     0.21898      0.6757    0.207077    0.566886    0.142729    0.482603    0.114145    0.415865    0.100638    0.358544   0.0954027    0.307794
   0.272666   -0.111635    0.295427   -0.109942    0.322987  -0.0937249    0.365587   -0.038057    0.538914    0.157853    0.631303    0.216653    0.664841    0.250767    0.676239    0.275345    0.674464     0.29521    0.663361     0.31217    0.645118    0.326787    0.621801      0.3401    0.602635    0.345604    0.505883    0.283551     0.42164    0.249564    0.355974    0.228924    0.302175    0.215136    0.257068
   0.121572  -0.0274571    0.140146  -0.0252637     0.16753 -0.00969455    0.215829    0.047397     0.40004    0.232588     0.49606    0.279219    0.539599    0.301343    0.564662    0.313193    0.579159    0.319877    0.586506    0.323892    0.588674    0.326634    0.587334    0.328648     0.58614    0.310989    0.496284    0.234687    0.429047    0.190897     0.37765    0.161173     0.33476    0.139901    0.297414
    0.38535   -0.138542    0.433448   -0.145331    0.489268   -0.134136    0.564313  -0.0763674    0.769558    0.102579    0.872825    0.145457    0.919223    0.166981    0.941497    0.180944     0.94723    0.191979    0.939592    0.201768    0.920139    0.210368    0.889751     0.21627    0.850222    0.195566    0.714478    0.124538    0.610865   0.0941886    0.527341    0.082015    0.455449   0.0801864    0.391916
   0.169266  -0.0204241    0.188655 -0.00624809    0.218818    0.026989    0.275654    0.119884     0.48181    0.298531     0.55284    0.346697    0.585655    0.374856    0.603419    0.394092    0.612376    0.408615    0.615627    0.420508     0.61508    0.430775    0.611932     0.43799    0.598503    0.343367    0.437228    0.270224    0.374017    0.231264    0.326629    0.203598    0.288003    0.182384    0.255548
    0.23103  -0.0608006    0.270627   -0.064998    0.320881  -0.0532513    0.393796   0.0039705    0.597834    0.169409    0.698321    0.202457    0.749437    0.214441    0.780887    0.218347    0.799282    0.218861    0.807289    0.218076    0.806143    0.216651    0.796479    0.213688    0.780215    0.185013    0.665258     0.10492    0.580834   0.0647538    0.513788   0.0428306    0.455689   0.0322005    0.403293
   0.259937  -0.0630994    0.294548  -0.0626387    0.337609  -0.0453744    0.400336   0.0169163    0.590574    0.187359    0.679584    0.230368    0.719687    0.253103    0.740187    0.268286    0.748022    0.280199    0.746145    0.290535    0.736116    0.299732    0.719362    0.308389    0.703866    0.301493    0.595208    0.230633    0.507313    0.193685    0.437901    0.173043    0.379394    0.161678    0.328457
   0.120004   0.0146058    0.142608   0.0233182    0.177006   0.0471023    0.236052    0.116234    0.425147    0.279919     0.50932    0.316413    0.552191    0.332258    0.580425    0.339035    0.599975    0.340995     0.61332    0.340219    0.621685    0.337653    0.625784    0.332788    0.626982    0.297928    0.528203    0.211349    0.463096     0.16152    0.414564    0.127325    0.374356    0.102883    0.339187
   0.324568  -0.0477635     0.37843  -0.0544654    0.443418  -0.0440281    0.531401   0.0141346    0.742521    0.158632    0.838733    0.179906    0.890584    0.184027    0.923234    0.182351     0.94187    0.178771     0.94828    0.174729    0.942939    0.170102    0.925504    0.162565     0.89505    0.120025    0.758908   0.0389174    0.665478  0.00378394    0.590717  -0.0107677    0.525045  -0.0127664    0.464954
   0.164299   0.0222125    0.188938   0.0374728    0.225662   0.0719646    0.290314    0.166381    0.488316      0.3115    0.546135    0.345086    0.576651    0.363929    0.596214    0.376512    0.608948    0.385887    0.616696    0.393397    0.620275    0.399197    0.619133    0.399497    0.598025    0.281317    0.434791    0.213913    0.378479    0.178925    0.336338    0.155056    0.301414    0.137807    0.271233
   0.182407   0.0154099      0.2201   0.0161145    0.270331   0.0310414    0.345156   0.0905207    0.540196    0.223311     0.62436    0.239644    0.672779    0.239387    0.707736    0.232729    0.733453    0.223193    0.751156    0.212265    0.760937    0.200132    0.762142    0.184899     0.75395      0.1345    0.641128   0.0454695    0.571088  0.00050897    0.518381   -0.025043    0.472991  -0.0384448    0.431171
   0.202829   0.0110015    0.239238  0.00847636    0.284601   0.0199858    0.349542   0.0745039    0.529122    0.204185    0.603185    0.225963    0.642753    0.234177    0.668898    0.238134    0.685685    0.240779    0.694571    0.243338    0.696289    0.246268    0.691773    0.250036    0.686577    0.229375    0.579617    0.157324     0.50468    0.123028    0.446429    0.105504    0.396185   0.0977015    0.350682
  0.0950986   0.0655303    0.114596   0.0776099    0.145434    0.101886    0.199194    0.167432    0.366746    0.296307    0.430485    0.319321    0.467126    0.327931    0.495531    0.330042    0.518857    0.328153    0.537975    0.323307    0.552867    0.315532    0.562667    0.302322    0.563137    0.238197    0.455137    0.149743     0.40473     0.10284    0.371369   0.0712923     0.34475   0.0488092    0.321256
   0.214137   0.0471069    0.257053   0.0392685    0.309281   0.0406106    0.378336   0.0743908    0.543769    0.166639    0.618345    0.170852    0.668632    0.164767    0.707741    0.154794    0.737586    0.143316    0.758529    0.131538    0.770506    0.120017    0.773552    0.108474    0.767543   0.0530384    0.655049  -0.0173104    0.593954  -0.0491143     0.54463  -0.0639817    0.499455   -0.067792    0.455822
   0.114499   0.0718842    0.135258   0.0816927    0.163899    0.101473    0.207189    0.147628    0.301549    0.207183    0.341881    0.228062    0.372118    0.241946    0.396061    0.251668    0.414809    0.258374     0.42865    0.262348    0.437116    0.262728    0.437978    0.254504    0.416777    0.170939    0.322175    0.132837    0.292475    0.113561    0.269264    0.100484    0.248484   0.0913246    0.228985
   0.099135   0.0861629    0.120932   0.0885767    0.150321   0.0937439     0.18889    0.103394    0.234752    0.119265    0.288252    0.128574    0.332507    0.129007    0.369895    0.123429    0.401363    0.113477    0.426883   0.0999964    0.445764   0.0830732    0.456574   0.0616231    0.456535   0.0276979    0.432128  -0.0103162    0.411599  -0.0375584    0.393268   -0.056466    0.375152  -0.0685876    0.356146
   0.115246   0.0931227    0.144258   0.0869225    0.177902   0.0840136    0.216366   0.0845231      0.2564   0.0938564    0.306038    0.103251    0.347275    0.108355    0.380924    0.110618    0.407282     0.11096     0.42622    0.109754    0.437187    0.106627    0.438838   0.0996329    0.427914   0.0808278    0.396126   0.0632493    0.369386   0.0543527    0.342701   0.0508588     0.31517   0.0516563    0.286762
  0.0433585   0.0902704   0.0495506   0.0991966   0.0605245    0.108689   0.0761139    0.117061   0.0933744    0.133617    0.127731    0.150931    0.158785    0.162144    0.186504    0.167778    0.210984    0.168403    0.232003    0.164283    0.248904    0.155217    0.260484    0.140334     0.26478    0.114129    0.254301   0.0872138    0.248989   0.0649695    0.244218   0.0459239    0.239137   0.0298753    0.233248
   0.106064    0.106387    0.130557   0.0977268    0.159615   0.0873836    0.191925   0.0735011    0.225591      0.0725    0.277386   0.0715167    0.323769   0.0659608     0.36472   0.0567256    0.399733   0.0447019    0.428169   0.0305706    0.449207   0.0146419    0.461606 -0.00376355    0.461007  -0.0363321    0.446313  -0.0547053    0.434809  -0.0685181     0.41948   -0.077194    0.400743  -0.0805826    0.378887
  0.0385654   0.0792423   0.0482025    0.078631   0.0603808   0.0782146   0.0743416   0.0758762   0.0870871   0.0860304    0.120532     0.10053    0.150266    0.111755    0.176394     0.11995    0.198797    0.125372    0.217198    0.128113     0.23113    0.127998    0.239873    0.124413     0.24215    0.112505      0.2314   0.0999324    0.223075   0.0902805    0.213675   0.0824051    0.203034   0.0762435    0.191251
  0.0415122   0.0840428   0.0455486   0.0864719   0.0537258   0.0860635   0.0652265   0.0802198   0.0766078   0.0852025    0.112736   0.0927294    0.147115   0.0947794    0.179653   0.0918077    0.209994   0.0844159    0.237631     0.07317    0.261913   0.0585177    0.282053   0.0407517    0.297114   0.0163941    0.299706 -0.00939256    0.302785  -0.0315978    0.303944  -0.0505298    0.302746   -0.065886    0.298973
  0.0227673    0.121227   0.0416774    0.109704   0.0637844   0.0965244   0.0878182   0.0794786    0.110668   0.0780757    0.158484   0.0815627     0.20196   0.0822473     0.24118   0.0807423    0.275607   0.0775793    0.304562   0.0731243    0.327259   0.0674693    0.342732   0.0602298    0.349481   0.0473355     0.34212   0.0351751    0.332746   0.0268045    0.319344   0.0219341    0.302337   0.0206895     0.28219
  0.0155572   0.0644516   0.0104105   0.0712504  0.00777485   0.0761764  0.00714261   0.0763238  0.00666416   0.0930977   0.0346391    0.112584   0.0600428    0.126727   0.0840337    0.135933    0.106735    0.140507    0.127944    0.140644    0.147189    0.136337    0.163626    0.127122    0.175611    0.109392    0.178812   0.0898006    0.183545   0.0708708     0.18742   0.0526308    0.190222   0.0355923    0.191773
  0.0287979    0.115719   0.0381389    0.108096   0.0514318   0.0959947   0.0674617    0.076674   0.0875213   0.0803162    0.136858   0.0823854    0.181965     0.07906      0.2244   0.0715246    0.263837     0.06069    0.299587   0.0472822    0.330702    0.031662    0.355667   0.0131555    0.370511  -0.0148076    0.374853  -0.0369148    0.376994  -0.0563319     0.37474  -0.0717568    0.368371  -0.0826253    0.357999
