0.253255 0.258326 0.263502 0.268775 0.274134 0.279567 0.285058 0.290587 0.296132 0.301665 0.307159 0.312578  0.31789 0.323057 0.328042 0.332809 0.337322 0.341547 0.345456 0.349019 0.352215 0.355023 0.357425 0.359408 0.360961 0.362076 0.362747 0.362971 0.362747 0.362076 0.360961 0.359408 0.357425 0.355023 0.352215 0.349019 0.345456 0.341547 0.337322 0.332809 0.328042 0.323057  0.31789 0.312578 0.307159 0.301665 0.296132 0.290587 0.285058 0.279567 0.274134 0.268775 0.263502 0.258326 0.253255 0.248295  0.24345
0.258326 0.263725 0.269251 0.274898 0.280656 0.286512 0.292448 0.298446 0.304479 0.310519 0.316531 0.322479  0.32832 0.334012 0.339511 0.344774 0.349758 0.354425 0.358741 0.362675 0.366201 0.369296 0.371943 0.374127 0.375836 0.377063 0.377801 0.378048 0.377801 0.377063 0.375836 0.374127 0.371943 0.369296 0.366201 0.362675 0.358741 0.354425 0.349758 0.344774 0.339511 0.334012  0.32832 0.322479 0.316531 0.310519 0.304479 0.298446 0.292448 0.286512 0.280656 0.274898 0.269251 0.263725 0.258326 0.253059 0.247929
0.263502 0.269251 0.275155 0.281207 0.287398 0.293717 0.300146 0.306665 0.313246 0.319857 0.326459 0.333008 0.339455  0.34575 0.351838  0.35767 0.363194 0.368366 0.373146 0.377499 0.381397 0.384816 0.387737 0.390144 0.392028 0.393378 0.394191 0.394462 0.394191 0.393378 0.392028 0.390144 0.387737 0.384816 0.381397 0.377499 0.373146 0.368366 0.363194  0.35767 0.351838  0.34575 0.339455 0.333008 0.326459 0.319857 0.313246 0.306665 0.300146 0.293717 0.287398 0.281207 0.275155 0.269251 0.263502  0.25791 0.252476
0.268775 0.274898 0.281207 0.287696  0.29436 0.301187 0.308161 0.315261 0.322458 0.329716 0.336991  0.34423 0.351377 0.358368  0.36514 0.371628 0.377774 0.383525 0.388834 0.393664 0.397983 0.401765 0.404993  0.40765 0.409727 0.411215  0.41211 0.412409  0.41211 0.411215 0.409727  0.40765 0.404993 0.401765 0.397983 0.393664 0.388834 0.383525 0.377774 0.371628  0.36514 0.358368 0.351377  0.34423 0.336991 0.329716 0.322458 0.315261 0.308161 0.301187  0.29436 0.287696 0.281207 0.274898 0.268775 0.262837 0.257085
0.274134 0.280656 0.287398  0.29436 0.301537 0.308921 0.316499 0.324248 0.332141 0.340136 0.348185 0.356225 0.364186 0.371991 0.379559 0.386813  0.39368 0.400099 0.406015 0.411386  0.41618 0.420371 0.423941 0.426876 0.429167 0.430807 0.431793 0.432122 0.431793 0.430807 0.429167 0.426876 0.423941 0.420371  0.41618 0.411386 0.406015 0.400099  0.39368 0.386813 0.379559 0.371991 0.364186 0.356225 0.348185 0.340136 0.332141 0.324248 0.316499 0.308921 0.301537  0.29436 0.287398 0.280656 0.274134 0.267831 0.261743
0.279567 0.286512 0.293717 0.301187 0.308921 0.316917 0.325162 0.333639 0.342319  0.35116 0.360106 0.369082 0.378002 0.386768 0.395278 0.403433 0.411144 0.418336 0.424949 0.430938 0.436269 0.440918 0.444869 0.448112 0.450639 0.452447 0.453532 0.453894 0.453532 0.452447 0.450639 0.448112 0.444869 0.440918 0.436269 0.430938 0.424949 0.418336 0.411144 0.403433 0.395278 0.386768 0.378002 0.369082 0.360106  0.35116 0.342319 0.333639 0.325162 0.316917 0.308921 0.301187 0.293717 0.286512 0.279567 0.272879 0.266439
0.285058 0.292448 0.300146 0.308161 0.316499 0.325162 0.334146 0.343439 0.353015 0.362831 0.372826 0.382911 0.392978 0.402898 0.412537 0.421765 0.430471 0.438565 0.445982 0.452673 0.458609 0.463769 0.468144 0.471726 0.474512 0.476503 0.477697 0.478095 0.477697 0.476503 0.474512 0.471726 0.468144 0.463769 0.458609 0.452673 0.445982 0.438565 0.430471 0.421765 0.412537 0.402898 0.392978 0.382911 0.372826 0.362831 0.353015 0.343439 0.334146 0.325162 0.316499 0.308161 0.300146 0.292448 0.285058 0.277965 0.271158
0.290587 0.298446 0.306665 0.315261 0.324248 0.333639 0.343439 0.353645 0.364242  0.37519 0.386426 0.397846 0.409309 0.420642 0.431659 0.442185 0.452077  0.46123 0.469573 0.477064 0.483679 0.489408 0.494248 0.498201  0.50127 0.503458  0.50477 0.505207  0.50477 0.503458  0.50127 0.498201 0.494248 0.489408 0.483679 0.477064 0.469573  0.46123 0.452077 0.442185 0.431659 0.420642 0.409309 0.397846 0.386426  0.37519 0.364242 0.353645 0.343439 0.333639 0.324248 0.315261 0.306665 0.298446 0.290587 0.283072 0.275884
0.296132 0.304479 0.313246 0.322458 0.332141 0.342319 0.353015 0.364242 0.376001  0.38827 0.400991 0.414047 0.427255 0.440367  0.45311 0.465236 0.476558 0.486957 0.496369 0.504764 0.512138 0.518493 0.523843 0.528198 0.531571 0.533973  0.53541 0.535889  0.53541 0.533973 0.531571 0.528198 0.523843 0.518493 0.512138 0.504764 0.496369 0.486957 0.476558 0.465236  0.45311 0.440367 0.427255 0.414047 0.400991  0.38827 0.376001 0.364242 0.353015 0.342319 0.332141 0.322458 0.313246 0.304479 0.296132 0.288179 0.280597
0.301665 0.310519 0.319857 0.329716 0.340136  0.35116 0.362831  0.37519  0.38827 0.402084 0.416602 0.431712 0.447178 0.462624 0.477608 0.491751 0.504815 0.516684 0.527321 0.536733 0.544944 0.551983 0.557882 0.562669 0.566367 0.568995 0.570566 0.571089 0.570566 0.568995 0.566367 0.562669 0.557882 0.551983 0.544944 0.536733 0.527321 0.516684 0.504815 0.491751 0.477608 0.462624 0.447178 0.431712 0.416602 0.402084  0.38827  0.37519 0.362831  0.35116 0.340136 0.329716 0.319857 0.310519 0.301665 0.293262 0.285277
0.307159 0.316531 0.326459 0.336991 0.348185 0.360106 0.372826 0.386426 0.400991 0.416602  0.43331 0.451072  0.46962 0.488332  0.50638 0.523138 0.538337 0.551928 0.563957 0.574494 0.583615 0.591389 0.597874 0.603117 0.607157 0.610022 0.611734 0.612303 0.611734 0.610022 0.607157 0.603117 0.597874 0.591389 0.583615 0.574494 0.563957 0.551928 0.538337 0.523138  0.50638 0.488332  0.46962 0.451072  0.43331 0.416602 0.400991 0.386426 0.372826 0.360106 0.348185 0.336991 0.326459 0.316531 0.307159 0.298295   0.2899
0.312578 0.322479 0.333008  0.34423 0.356225 0.369082 0.382911 0.397846 0.414047 0.431712 0.451072 0.472339 0.495453 0.519325  0.54192 0.562149 0.579944 0.595516 0.609086 0.620843 0.630937 0.639486 0.646584 0.652302 0.656696 0.659808 0.661664  0.66228 0.661664 0.659808 0.656696 0.652302 0.646584 0.639486 0.630937 0.620843 0.609086 0.595516 0.579944 0.562149  0.54192 0.519325 0.495453 0.472339 0.451072 0.431712 0.414047 0.397846 0.382911 0.369082 0.356225  0.34423 0.333008 0.322479 0.312578 0.303249 0.294442
 0.31789  0.32832 0.339455 0.351377 0.364186 0.378002 0.392978 0.409309 0.427255 0.447178  0.46962 0.495453  0.52618 0.561156 0.591347 0.616105 0.636929 0.654687 0.669909  0.68295 0.694055 0.703404 0.711131 0.717335 0.722091 0.725453 0.727455 0.728121 0.727455 0.725453 0.722091 0.717335 0.711131 0.703404 0.694055  0.68295 0.669909 0.654687 0.636929 0.616105 0.591347 0.561156  0.52618 0.495453  0.46962 0.447178 0.427255 0.409309 0.392978 0.378002 0.364186 0.351377 0.339455  0.32832  0.31789 0.308095 0.298876
0.323057 0.334012  0.34575 0.358368 0.371991 0.386768 0.402898 0.420642 0.440367 0.462624 0.488332 0.519325 0.561156  0.63501 0.676288 0.706171 0.730209  0.75023 0.767142 0.781485 0.793611 0.803766 0.812125 0.818817 0.823936 0.827547 0.829697 0.830411 0.829697 0.827547 0.823936 0.818817 0.812125 0.803766 0.793611 0.781485 0.767142  0.75023 0.730209 0.706171 0.676288  0.63501 0.561156 0.519325 0.488332 0.462624 0.440367 0.420642 0.402898 0.386768 0.371991 0.358368  0.34575 0.334012 0.323057 0.312801 0.303175
0.328042 0.339511 0.351838  0.36514 0.379559 0.395278 0.412537 0.431659  0.45311 0.477608  0.50638  0.54192 0.591347 0.676288 0.725144 0.759541 0.786592 0.808785 0.827336  0.84295 0.856077 0.867022 0.876002 0.883173 0.888648 0.892506   0.8948 0.895561   0.8948 0.892506 0.888648 0.883173 0.876002 0.867022 0.856077  0.84295 0.827336 0.808785 0.786592 0.759541 0.725144 0.676288 0.591347  0.54192  0.50638 0.477608  0.45311 0.431659 0.412537 0.395278 0.379559  0.36514 0.351838 0.339511 0.328042 0.317336 0.307313
0.332809 0.344774  0.35767 0.371628 0.386813 0.403433 0.421765 0.442185 0.465236 0.491751 0.523138 0.562149 0.616105 0.706171 0.759541 0.797376 0.826994 0.851137 0.871204 0.888013  0.90209 0.913791 0.923368    0.931 0.936818 0.940914 0.943348 0.944155 0.943348 0.940914 0.936818    0.931 0.923368 0.913791  0.90209 0.888013 0.871204 0.851137 0.826994 0.797376 0.759541 0.706171 0.616105 0.562149 0.523138 0.491751 0.465236 0.442185 0.421765 0.403433 0.386813 0.371628  0.35767 0.344774 0.332809 0.321668 0.311262
0.337322 0.349758 0.363194 0.377774  0.39368 0.411144 0.430471 0.452077 0.476558 0.504815 0.538337 0.579944 0.636929 0.730209 0.786592 0.826994   0.8587 0.884523 0.905939 0.923837 0.938791 0.951197 0.961334 0.969402 0.975545 0.979866 0.982433 0.983284 0.982433 0.979866 0.975545 0.969402 0.961334 0.951197 0.938791 0.923837 0.905939 0.884523   0.8587 0.826994 0.786592 0.730209 0.636929 0.579944 0.538337 0.504815 0.476558 0.452077 0.430471 0.411144  0.39368 0.377774 0.363194 0.349758 0.337322 0.325767 0.314995
0.341547 0.354425 0.368366 0.383525 0.400099 0.418336 0.438565  0.46123 0.486957 0.516684 0.551928 0.595516 0.654687  0.75023 0.808785 0.851137 0.884523 0.911756 0.934344 0.953207 0.968954 0.982003 0.992655  1.00113  1.00757   1.0121  1.01479  1.01569  1.01479   1.0121  1.00757  1.00113 0.992655 0.982003 0.968954 0.953207 0.934344 0.911756 0.884523 0.851137 0.808785  0.75023 0.654687 0.595516 0.551928 0.516684 0.486957  0.46123 0.438565 0.418336 0.400099 0.383525 0.368366 0.354425 0.341547 0.329604 0.318489
0.345456 0.358741 0.373146 0.388834 0.406015 0.424949 0.445982 0.469573 0.496369 0.527321 0.563957 0.609086 0.669909 0.767142 0.827336 0.871204 0.905939 0.934344  0.95793 0.977634 0.994081  1.00771  1.01882  1.02766  1.03438  1.03911  1.04191  1.04284  1.04191  1.03911  1.03438  1.02766  1.01882  1.00771 0.994081 0.977634  0.95793 0.934344 0.905939 0.871204 0.827336 0.767142 0.669909 0.609086 0.563957 0.527321 0.496369 0.469573 0.445982 0.424949 0.406015 0.388834 0.373146 0.358741 0.345456 0.333152 0.321719
0.349019 0.362675 0.377499 0.393664 0.411386 0.430938 0.452673 0.477064 0.504764 0.536733 0.574494 0.620843  0.68295 0.781485  0.84295 0.888013 0.923837 0.953207 0.977634 0.998059  1.01511  1.02925  1.04077  1.04994  1.05691   1.0618  1.06471  1.06567  1.06471   1.0618  1.05691  1.04994  1.04077  1.02925  1.01511 0.998059 0.977634 0.953207 0.923837 0.888013  0.84295 0.781485  0.68295 0.620843 0.574494 0.536733 0.504764 0.477064 0.452673 0.430938 0.411386 0.393664 0.377499 0.362675 0.349019 0.336389 0.324665
0.352215 0.366201 0.381397 0.397983  0.41618 0.436269 0.458609 0.483679 0.512138 0.544944 0.583615 0.630937 0.694055 0.793611 0.856077  0.90209 0.938791 0.968954 0.994081  1.01511  1.03269  1.04726  1.05915  1.06859  1.07578  1.08083  1.08383  1.08482  1.08383  1.08083  1.07578  1.06859  1.05915  1.04726  1.03269  1.01511 0.994081 0.968954 0.938791  0.90209 0.856077 0.793611 0.694055 0.630937 0.583615 0.544944 0.512138 0.483679 0.458609 0.436269  0.41618 0.397983 0.381397 0.366201 0.352215 0.339292 0.327308
0.355023 0.369296 0.384816 0.401765 0.420371 0.440918 0.463769 0.489408 0.518493 0.551983 0.591389 0.639486 0.703404 0.803766 0.867022 0.913791 0.951197 0.982003  1.00771  1.02925  1.04726  1.06219  1.07439  1.08408  1.09145  1.09664  1.09971  1.10073  1.09971  1.09664  1.09145  1.08408  1.07439  1.06219  1.04726  1.02925  1.00771 0.982003 0.951197 0.913791 0.867022 0.803766 0.703404 0.639486 0.591389 0.551983 0.518493 0.489408 0.463769 0.440918 0.420371 0.401765 0.384816 0.369296 0.355023 0.341843 0.329631
0.357425 0.371943 0.387737 0.404993 0.423941 0.444869 0.468144 0.494248 0.523843 0.557882 0.597874 0.646584 0.711131 0.812125 0.876002 0.923368 0.961334 0.992655  1.01882  1.04077  1.05915  1.07439  1.08684  1.09673  1.10426  1.10955   1.1127  1.11374   1.1127  1.10955  1.10426  1.09673  1.08684  1.07439  1.05915  1.04077  1.01882 0.992655 0.961334 0.923368 0.876002 0.812125 0.711131 0.646584 0.597874 0.557882 0.523843 0.494248 0.468144 0.444869 0.423941 0.404993 0.387737 0.371943 0.357425 0.344027  0.33162
0.359408 0.374127 0.390144  0.40765 0.426876 0.448112 0.471726 0.498201 0.528198 0.562669 0.603117 0.652302 0.717335 0.818817 0.883173    0.931 0.969402  1.00113  1.02766  1.04994  1.06859  1.08408  1.09673   1.1068  1.11445  1.11983  1.12303  1.12409  1.12303  1.11983  1.11445   1.1068  1.09673  1.08408  1.06859  1.04994  1.02766  1.00113 0.969402    0.931 0.883173 0.818817 0.717335 0.652302 0.603117 0.562669 0.528198 0.498201 0.471726 0.448112 0.426876  0.40765 0.390144 0.374127 0.359408  0.34583 0.333263
0.360961 0.375836 0.392028 0.409727 0.429167 0.450639 0.474512  0.50127 0.531571 0.566367 0.607157 0.656696 0.722091 0.823936 0.888648 0.936818 0.975545  1.00757  1.03438  1.05691  1.07578  1.09145  1.10426  1.11445  1.12221  1.12766   1.1309  1.13197   1.1309  1.12766  1.12221  1.11445  1.10426  1.09145  1.07578  1.05691  1.03438  1.00757 0.975545 0.936818 0.888648 0.823936 0.722091 0.656696 0.607157 0.566367 0.531571  0.50127 0.474512 0.450639 0.429167 0.409727 0.392028 0.375836 0.360961 0.347244 0.334551
0.362076 0.377063 0.393378 0.411215 0.430807 0.452447 0.476503 0.503458 0.533973 0.568995 0.610022 0.659808 0.725453 0.827547 0.892506 0.940914 0.979866   1.0121  1.03911   1.0618  1.08083  1.09664  1.10955  1.11983  1.12766  1.13316  1.13642  1.13751  1.13642  1.13316  1.12766  1.11983  1.10955  1.09664  1.08083   1.0618  1.03911   1.0121 0.979866 0.940914 0.892506 0.827547 0.725453 0.659808 0.610022 0.568995 0.533973 0.503458 0.476503 0.452447 0.430807 0.411215 0.393378 0.377063 0.362076 0.348258 0.335475
0.362747 0.377801 0.394191  0.41211 0.431793 0.453532 0.477697  0.50477  0.53541 0.570566 0.611734 0.661664 0.727455 0.829697   0.8948 0.943348 0.982433  1.01479  1.04191  1.06471  1.08383  1.09971   1.1127  1.12303   1.1309  1.13642  1.13971   1.1408  1.13971  1.13642   1.1309  1.12303   1.1127  1.09971  1.08383  1.06471  1.04191  1.01479 0.982433 0.943348   0.8948 0.829697 0.727455 0.661664 0.611734 0.570566  0.53541  0.50477 0.477697 0.453532 0.431793  0.41211 0.394191 0.377801 0.362747 0.348869 0.336032
0.362971 0.378048 0.394462 0.412409 0.432122 0.453894 0.478095 0.505207 0.535889 0.571089 0.612303  0.66228 0.728121 0.830411 0.895561 0.944155 0.983284  1.01569  1.04284  1.06567  1.08482  1.10073  1.11374  1.12409  1.13197  1.13751   1.1408  1.14189   1.1408  1.13751  1.13197  1.12409  1.11374  1.10073  1.08482  1.06567  1.04284  1.01569 0.983284 0.944155 0.895561 0.830411 0.728121  0.66228 0.612303 0.571089 0.535889 0.505207 0.478095 0.453894 0.432122 0.412409 0.394462 0.378048 0.362971 0.349073 0.336218
0.362747 0.377801 0.394191  0.41211 0.431793 0.453532 0.477697  0.50477  0.53541 0.570566 0.611734 0.661664 0.727455 0.829697   0.8948 0.943348 0.982433  1.01479  1.04191  1.06471  1.08383  1.09971   1.1127  1.12303   1.1309  1.13642  1.13971   1.1408  1.13971  1.13642   1.1309  1.12303   1.1127  1.09971  1.08383  1.06471  1.04191  1.01479 0.982433 0.943348   0.8948 0.829697 0.727455 0.661664 0.611734 0.570566  0.53541  0.50477 0.477697 0.453532 0.431793  0.41211 0.394191 0.377801 0.362747 0.348869 0.336032
0.362076 0.377063 0.393378 0.411215 0.430807 0.452447 0.476503 0.503458 0.533973 0.568995 0.610022 0.659808 0.725453 0.827547 0.892506 0.940914 0.979866   1.0121  1.03911   1.0618  1.08083  1.09664  1.10955  1.11983  1.12766  1.13316  1.13642  1.13751  1.13642  1.13316  1.12766  1.11983  1.10955  1.09664  1.08083   1.0618  1.03911   1.0121 0.979866 0.940914 0.892506 0.827547 0.725453 0.659808 0.610022 0.568995 0.533973 0.503458 0.476503 0.452447 0.430807 0.411215 0.393378 0.377063 0.362076 0.348258 0.335475
0.360961 0.375836 0.392028 0.409727 0.429167 0.450639 0.474512  0.50127 0.531571 0.566367 0.607157 0.656696 0.722091 0.823936 0.888648 0.936818 0.975545  1.00757  1.03438  1.05691  1.07578  1.09145  1.10426  1.11445  1.12221  1.12766   1.1309  1.13197   1.1309  1.12766  1.12221  1.11445  1.10426  1.09145  1.07578  1.05691  1.03438  1.00757 0.975545 0.936818 0.888648 0.823936 0.722091 0.656696 0.607157 0.566367 0.531571  0.50127 0.474512 0.450639 0.429167 0.409727 0.392028 0.375836 0.360961 0.347244 0.334551
0.359408 0.374127 0.390144  0.40765 0.426876 0.448112 0.471726 0.498201 0.528198 0.562669 0.603117 0.652302 0.717335 0.818817 0.883173    0.931 0.969402  1.00113  1.02766  1.04994  1.06859  1.08408  1.09673   1.1068  1.11445  1.11983  1.12303  1.12409  1.12303  1.11983  1.11445   1.1068  1.09673  1.08408  1.06859  1.04994  1.02766  1.00113 0.969402    0.931 0.883173 0.818817 0.717335 0.652302 0.603117 0.562669 0.528198 0.498201 0.471726 0.448112 0.426876  0.40765 0.390144 0.374127 0.359408  0.34583 0.333263
0.357425 0.371943 0.387737 0.404993 0.423941 0.444869 0.468144 0.494248 0.523843 0.557882 0.597874 0.646584 0.711131 0.812125 0.876002 0.923368 0.961334 0.992655  1.01882  1.04077  1.05915  1.07439  1.08684  1.09673  1.10426  1.10955   1.1127  1.11374   1.1127  1.10955  1.10426  1.09673  1.08684  1.07439  1.05915  1.04077  1.01882 0.992655 0.961334 0.923368 0.876002 0.812125 0.711131 0.646584 0.597874 0.557882 0.523843 0.494248 0.468144 0.444869 0.423941 0.404993 0.387737 0.371943 0.357425 0.344027  0.33162
0.355023 0.369296 0.384816 0.401765 0.420371 0.440918 0.463769 0.489408 0.518493 0.551983 0.591389 0.639486 0.703404 0.803766 0.867022 0.913791 0.951197 0.982003  1.00771  1.02925  1.04726  1.06219  1.07439  1.08408  1.09145  1.09664  1.09971  1.10073  1.09971  1.09664  1.09145  1.08408  1.07439  1.06219  1.04726  1.02925  1.00771 0.982003 0.951197 0.913791 0.867022 0.803766 0.703404 0.639486 0.591389 0.551983 0.518493 0.489408 0.463769 0.440918 0.420371 0.401765 0.384816 0.369296 0.355023 0.341843 0.329631
0.352215 0.366201 0.381397 0.397983  0.41618 0.436269 0.458609 0.483679 0.512138 0.544944 0.583615 0.630937 0.694055 0.793611 0.856077  0.90209 0.938791 0.968954 0.994081  1.01511  1.03269  1.04726  1.05915  1.06859  1.07578  1.08083  1.08383  1.08482  1.08383  1.08083  1.07578  1.06859  1.05915  1.04726  1.03269  1.01511 0.994081 0.968954 0.938791  0.90209 0.856077 0.793611 0.694055 0.630937 0.583615 0.544944 0.512138 0.483679 0.458609 0.436269  0.41618 0.397983 0.381397 0.366201 0.352215 0.339292 0.327308
0.349019 0.362675 0.377499 0.393664 0.411386 0.430938 0.452673 0.477064 0.504764 0.536733 0.574494 0.620843  0.68295 0.781485  0.84295 0.888013 0.923837 0.953207 0.977634 0.998059  1.01511  1.02925  1.04077  1.04994  1.05691   1.0618  1.06471  1.06567  1.06471   1.0618  1.05691  1.04994  1.04077  1.02925  1.01511 0.998059 0.977634 0.953207 0.923837 0.888013  0.84295 0.781485  0.68295 0.620843 0.574494 0.536733 0.504764 0.477064 0.452673 0.430938 0.411386 0.393664 0.377499 0.362675 0.349019 0.336389 0.324665
0.345456 0.358741 0.373146 0.388834 0.406015 0.424949 0.445982 0.469573 0.496369 0.527321 0.563957 0.609086 0.669909 0.767142 0.827336 0.871204 0.905939 0.934344  0.95793 0.977634 0.994081  1.00771  1.01882  1.02766  1.03438  1.03911  1.04191  1.04284  1.04191  1.03911  1.03438  1.02766  1.01882  1.00771 0.994081 0.977634  0.95793 0.934344 0.905939 0.871204 0.827336 0.767142 0.669909 0.609086 0.563957 0.527321 0.496369 0.469573 0.445982 0.424949 0.406015 0.388834 0.373146 0.358741 0.345456 0.333152 0.321719
0.341547 0.354425 0.368366 0.383525 0.400099 0.418336 0.438565  0.46123 0.486957 0.516684 0.551928 0.595516 0.654687  0.75023 0.808785 0.851137 0.884523 0.911756 0.934344 0.953207 0.968954 0.982003 0.992655  1.00113  1.00757   1.0121  1.01479  1.01569  1.01479   1.0121  1.00757  1.00113 0.992655 0.982003 0.968954 0.953207 0.934344 0.911756 0.884523 0.851137 0.808785  0.75023 0.654687 0.595516 0.551928 0.516684 0.486957  0.46123 0.438565 0.418336 0.400099 0.383525 0.368366 0.354425 0.341547 0.329604 0.318489
0.337322 0.349758 0.363194 0.377774  0.39368 0.411144 0.430471 0.452077 0.476558 0.504815 0.538337 0.579944 0.636929 0.730209 0.786592 0.826994   0.8587 0.884523 0.905939 0.923837 0.938791 0.951197 0.961334 0.969402 0.975545 0.979866 0.982433 0.983284 0.982433 0.979866 0.975545 0.969402 0.961334 0.951197 0.938791 0.923837 0.905939 0.884523   0.8587 0.826994 0.786592 0.730209 0.636929 0.579944 0.538337 0.504815 0.476558 0.452077 0.430471 0.411144  0.39368 0.377774 0.363194 0.349758 0.337322 0.325767 0.314995
0.332809 0.344774  0.35767 0.371628 0.386813 0.403433 0.421765 0.442185 0.465236 0.491751 0.523138 0.562149 0.616105 0.706171 0.759541 0.797376 0.826994 0.851137 0.871204 0.888013  0.90209 0.913791 0.923368    0.931 0.936818 0.940914 0.943348 0.944155 0.943348 0.940914 0.936818    0.931 0.923368 0.913791  0.90209 0.888013 0.871204 0.851137 0.826994 0.797376 0.759541 0.706171 0.616105 0.562149 0.523138 0.491751 0.465236 0.442185 0.421765 0.403433 0.386813 0.371628  0.35767 0.344774 0.332809 0.321668 0.311262
0.328042 0.339511 0.351838  0.36514 0.379559 0.395278 0.412537 0.431659  0.45311 0.477608  0.50638  0.54192 0.591347 0.676288 0.725144 0.759541 0.786592 0.808785 0.827336  0.84295 0.856077 0.867022 0.876002 0.883173 0.888648 0.892506   0.8948 0.895561   0.8948 0.892506 0.888648 0.883173 0.876002 0.867022 0.856077  0.84295 0.827336 0.808785 0.786592 0.759541 0.725144 0.676288 0.591347  0.54192  0.50638 0.477608  0.45311 0.431659 0.412537 0.395278 0.379559  0.36514 0.351838 0.339511 0.328042 0.317336 0.307313
0.323057 0.334012  0.34575 0.358368 0.371991 0.386768 0.402898 0.420642 0.440367 0.462624 0.488332 0.519325 0.561156  0.63501 0.676288 0.706171 0.730209  0.75023 0.767142 0.781485 0.793611 0.803766 0.812125 0.818817 0.823936 0.827547 0.829697 0.830411 0.829697 0.827547 0.823936 0.818817 0.812125 0.803766 0.793611 0.781485 0.767142  0.75023 0.730209 0.706171 0.676288  0.63501 0.561156 0.519325 0.488332 0.462624 0.440367 0.420642 0.402898 0.386768 0.371991 0.358368  0.34575 0.334012 0.323057 0.312801 0.303175
 0.31789  0.32832 0.339455 0.351377 0.364186 0.378002 0.392978 0.409309 0.427255 0.447178  0.46962 0.495453  0.52618 0.561156 0.591347 0.616105 0.636929 0.654687 0.669909  0.68295 0.694055 0.703404 0.711131 0.717335 0.722091 0.725453 0.727455 0.728121 0.727455 0.725453 0.722091 0.717335 0.711131 0.703404 0.694055  0.68295 0.669909 0.654687 0.636929 0.616105 0.591347 0.561156  0.52618 0.495453  0.46962 0.447178 0.427255 0.409309 0.392978 0.378002 0.364186 0.351377 0.339455  0.32832  0.31789 0.308095 0.298876
0.312578 0.322479 0.333008  0.34423 0.356225 0.369082 0.382911 0.397846 0.414047 0.431712 0.451072 0.472339 0.495453 0.519325  0.54192 0.562149 0.579944 0.595516 0.609086 0.620843 0.630937 0.639486 0.646584 0.652302 0.656696 0.659808 0.661664  0.66228 0.661664 0.659808 0.656696 0.652302 0.646584 0.639486 0.630937 0.620843 0.609086 0.595516 0.579944 0.562149  0.54192 0.519325 0.495453 0.472339 0.451072 0.431712 0.414047 0.397846 0.382911 0.369082 0.356225  0.34423 0.333008 0.322479 0.312578 0.303249 0.294442
0.307159 0.316531 0.326459 0.336991 0.348185 0.360106 0.372826 0.386426 0.400991 0.416602  0.43331 0.451072  0.46962 0.488332  0.50638 0.523138 0.538337 0.551928 0.563957 0.574494 0.583615 0.591389 0.597874 0.603117 0.607157 0.610022 0.611734 0.612303 0.611734 0.610022 0.607157 0.603117 0.597874 0.591389 0.583615 0.574494 0.563957 0.551928 0.538337 0.523138  0.50638 0.488332  0.46962 0.451072  0.43331 0.416602 0.400991 0.386426 0.372826 0.360106 0.348185 0.336991 0.326459 0.316531 0.307159 0.298295   0.2899
0.301665 0.310519 0.319857 0.329716 0.340136  0.35116 0.362831  0.37519  0.38827 0.402084 0.416602 0.431712 0.447178 0.462624 0.477608 0.491751 0.504815 0.516684 0.527321 0.536733 0.544944 0.551983 0.557882 0.562669 0.566367 0.568995 0.570566 0.571089 0.570566 0.568995 0.566367 0.562669 0.557882 0.551983 0.544944 0.536733 0.527321 0.516684 0.504815 0.491751 0.477608 0.462624 0.447178 0.431712 0.416602 0.402084  0.38827  0.37519 0.362831  0.35116 0.340136 0.329716 0.319857 0.310519 0.301665 0.293262 0.285277
0.296132 0.304479 0.313246 0.322458 0.332141 0.342319 0.353015 0.364242 0.376001  0.38827 0.400991 0.414047 0.427255 0.440367  0.45311 0.465236 0.476558 0.486957 0.496369 0.504764 0.512138 0.518493 0.523843 0.528198 0.531571 0.533973  0.53541 0.535889  0.53541 0.533973 0.531571 0.528198 0.523843 0.518493 0.512138 0.504764 0.496369 0.486957 0.476558 0.465236  0.45311 0.440367 0.427255 0.414047 0.400991  0.38827 0.376001 0.364242 0.353015 0.342319 0.332141 0.322458 0.313246 0.304479 0.296132 0.288179 0.280597
0.290587 0.298446 0.306665 0.315261 0.324248 0.333639 0.343439 0.353645 0.364242  0.37519 0.386426 0.397846 0.409309 0.420642 0.431659 0.442185 0.452077  0.46123 0.469573 0.477064 0.483679 0.489408 0.494248 0.498201  0.50127 0.503458  0.50477 0.505207  0.50477 0.503458  0.50127 0.498201 0.494248 0.489408 0.483679 0.477064 0.469573  0.46123 0.452077 0.442185 0.431659 0.420642 0.409309 0.397846 0.386426  0.37519 0.364242 0.353645 0.343439 0.333639 0.324248 0.315261 0.306665 0.298446 0.290587 0.283072 0.275884
0.285058 0.292448 0.300146 0.308161 0.316499 0.325162 0.334146 0.343439 0.353015 0.362831 0.372826 0.382911 0.392978 0.402898 0.412537 0.421765 0.430471 0.438565 0.445982 0.452673 0.458609 0.463769 0.468144 0.471726 0.474512 0.476503 0.477697 0.478095 0.477697 0.476503 0.474512 0.471726 0.468144 0.463769 0.458609 0.452673 0.445982 0.438565 0.430471 0.421765 0.412537 0.402898 0.392978 0.382911 0.372826 0.362831 0.353015 0.343439 0.334146 0.325162 0.316499 0.308161 0.300146 0.292448 0.285058 0.277965 0.271158
0.279567 0.286512 0.293717 0.301187 0.308921 0.316917 0.325162 0.333639 0.342319  0.35116 0.360106 0.369082 0.378002 0.386768 0.395278 0.403433 0.411144 0.418336 0.424949 0.430938 0.436269 0.440918 0.444869 0.448112 0.450639 0.452447 0.453532 0.453894 0.453532 0.452447 0.450639 0.448112 0.444869 0.440918 0.436269 0.430938 0.424949 0.418336 0.411144 0.403433 0.395278 0.386768 0.378002 0.369082 0.360106  0.35116 0.342319 0.333639 0.325162 0.316917 0.308921 0.301187 0.293717 0.286512 0.279567 0.272879 0.266439
0.274134 0.280656 0.287398  0.29436 0.301537 0.308921 0.316499 0.324248 0.332141 0.340136 0.348185 0.356225 0.364186 0.371991 0.379559 0.386813  0.39368 0.400099 0.406015 0.411386  0.41618 0.420371 0.423941 0.426876 0.429167 0.430807 0.431793 0.432122 0.431793 0.430807 0.429167 0.426876 0.423941 0.420371  0.41618 0.411386 0.406015 0.400099  0.39368 0.386813 0.379559 0.371991 0.364186 0.356225 0.348185 0.340136 0.332141 0.324248 0.316499 0.308921 0.301537  0.29436 0.287398 0.280656 0.274134 0.267831 0.261743
0.268775 0.274898 0.281207 0.287696  0.29436 0.301187 0.308161 0.315261 0.322458 0.329716 0.336991  0.34423 0.351377 0.358368  0.36514 0.371628 0.377774 0.383525 0.388834 0.393664 0.397983 0.401765 0.404993  0.40765 0.409727 0.411215  0.41211 0.412409  0.41211 0.411215 0.409727  0.40765 0.404993 0.401765 0.397983 0.393664 0.388834 0.383525 0.377774 0.371628  0.36514 0.358368 0.351377  0.34423 0.336991 0.329716 0.322458 0.315261 0.308161 0.301187  0.29436 0.287696 0.281207 0.274898 0.268775 0.262837 0.257085
0.263502 0.269251 0.275155 0.281207 0.287398 0.293717 0.300146 0.306665 0.313246 0.319857 0.326459 0.333008 0.339455  0.34575 0.351838  0.35767 0.363194 0.368366 0.373146 0.377499 0.381397 0.384816 0.387737 0.390144 0.392028 0.393378 0.394191 0.394462 0.394191 0.393378 0.392028 0.390144 0.387737 0.384816 0.381397 0.377499 0.373146 0.368366 0.363194  0.35767 0.351838  0.34575 0.339455 0.333008 0.326459 0.319857 0.313246 0.306665 0.300146 0.293717 0.287398 0.281207 0.275155 0.269251 0.263502  0.25791 0.252476
0.258326 0.263725 0.269251 0.274898 0.280656 0.286512 0.292448 0.298446 0.304479 0.310519 0.316531 0.322479  0.32832 0.334012 0.339511 0.344774 0.349758 0.354425 0.358741 0.362675 0.366201 0.369296 0.371943 0.374127 0.375836 0.377063 0.377801 0.378048 0.377801 0.377063 0.375836 0.374127 0.371943 0.369296 0.366201 0.362675 0.358741 0.354425 0.349758 0.344774 0.339511 0.334012  0.32832 0.322479 0.316531 0.310519 0.304479 0.298446 0.292448 0.286512 0.280656 0.274898 0.269251 0.263725 0.258326 0.253059 0.247929
0.253255 0.258326 0.263502 0.268775 0.274134 0.279567 0.285058 0.290587 0.296132 0.301665 0.307159 0.312578  0.31789 0.323057 0.328042 0.332809 0.337322 0.341547 0.345456 0.349019 0.352215 0.355023 0.357425 0.359408 0.360961 0.362076 0.362747 0.362971 0.362747 0.362076 0.360961 0.359408 0.357425 0.355023 0.352215 0.349019 0.345456 0.341547 0.337322 0.332809 0.328042 0.323057  0.31789 0.312578 0.307159 0.301665 0.296132 0.290587 0.285058 0.279567 0.274134 0.268775 0.263502 0.258326 0.253255 0.248295  0.24345
0.248295 0.253059  0.25791 0.262837 0.267831 0.272879 0.277965 0.283072 0.288179 0.293262 0.298295 0.303249 0.308095 0.312801 0.317336 0.321668 0.325767 0.329604 0.333152 0.336389 0.339292 0.341843 0.344027  0.34583 0.347244 0.348258 0.348869 0.349073 0.348869 0.348258 0.347244  0.34583 0.344027 0.341843 0.339292 0.336389 0.333152 0.329604 0.325767 0.321668 0.317336 0.312801 0.308095 0.303249 0.298295 0.293262 0.288179 0.283072 0.277965 0.272879 0.267831 0.262837  0.25791 0.253059 0.248295 0.243622 0.239047
 0.24345 0.247929 0.252476 0.257085 0.261743 0.266439 0.271158 0.275884 0.280597 0.285277   0.2899 0.294442 0.298876 0.303175 0.307313 0.311262 0.314995 0.318489 0.321719 0.324665 0.327308 0.329631  0.33162 0.333263 0.334551 0.335475 0.336032 0.336218 0.336032 0.335475 0.334551 0.333263  0.33162 0.329631 0.327308 0.324665 0.321719 0.318489 0.314995 0.311262 0.307313 0.303175 0.298876 0.294442   0.2899 0.285277 0.280597 0.275884 0.271158 0.266439 0.261743 0.257085 0.252476 0.247929  0.24345 0.239047 0.234725
