  0.0764684    0.111332   0.0977871    0.151823    0.140908    0.175654     0.13883     0.17181    0.116824    0.148421   0.0744133    0.124973   0.0563396    0.113766    0.043301
   0.266936   0.0117179    0.277737   0.0870106    0.309015     0.15613    0.280069    0.196189     0.22401    0.209359    0.147515    0.204721   0.0946583    0.195928   0.0633474
   0.174413   0.0372361    0.225743   0.0755721    0.307323    0.103711    0.316459    0.108718    0.285531    0.100267    0.219577   0.0910876    0.155858   0.0961016   0.0998687
   0.185105   0.0533905     0.22276    0.174853    0.319385    0.257192     0.32215    0.290657    0.291669    0.285512    0.216543    0.232161    0.150236    0.195789    0.114229
   0.425184  -0.0775029    0.573969    0.151602    0.833814    0.220261    0.855081    0.247129    0.804258    0.248271    0.579117   0.0766489    0.389189    0.068153    0.269448
   0.138771    0.070316    0.259565    0.419732    0.577699    0.490983    0.621752    0.507635    0.637174    0.504529    0.439762    0.196641    0.304461    0.120996      0.2444
   0.341748  -0.0738921    0.477271    0.218963    0.805758    0.300255    0.836305    0.331088    0.806865    0.366992     0.68334    0.190994    0.454479    0.139751     0.32149
   0.159386   0.0163558    0.287158    0.284045    0.608195    0.325223    0.670112    0.317772    0.695153    0.327936    0.643072    0.125528    0.465888   0.0443876    0.363343
   0.226433   0.0251998    0.347124    0.323384    0.621404    0.391674    0.651353    0.418808     0.64681    0.447414    0.547371    0.242745    0.364574    0.169536    0.272052
    0.25966   0.0356534    0.418975    0.243362    0.699716    0.237447    0.772501    0.210213    0.800269    0.196528    0.711578  -0.0123259    0.545419  -0.0614775    0.439127
   0.119473    0.137169    0.201845    0.301648    0.329932    0.341522    0.373961      0.3503    0.392292    0.305015    0.237318     0.11792    0.200553   0.0713893    0.186424
   0.149232   0.0889789    0.229365   0.0859696    0.337059    0.105026    0.411483     0.10344     0.43987    0.082003    0.386616   0.0358475    0.330442   0.0304302    0.267059
  0.0361308    0.113757   0.0504087    0.124223    0.107674    0.153568    0.165824    0.148648    0.208377    0.116005    0.217785   0.0486113    0.217417  0.00156532    0.216093
  0.0565186   0.0708504   0.0829938   0.0583736    0.147918   0.0924567    0.204928    0.109295    0.236524    0.114157    0.231524    0.094772    0.204015    0.085209    0.170008
  0.0324594    0.107249   0.0445365   0.0872737     0.11852    0.104323    0.196141   0.0892646    0.258299   0.0542899    0.290512 -0.00154542    0.298386  -0.0445413    0.291304
