-3.00000 -2.64844 -2.34375 -2.08594 -1.87500 -1.71094 -1.59375 -1.52344 -1.50000 -1.52344 -1.59375 -1.71094 -1.87500 -2.08594 -2.34375 -2.64844
-2.64844 -2.29688 -1.99219 -1.73438 -1.52344 -1.35938 -1.24219 -1.17188 -1.14844 -1.17188 -1.24219 -1.35938 -1.52344 -1.73438 -1.99219 -2.29688
-2.34375 -1.99219 -1.68750 -1.42969 -1.21875 -1.05469 -0.93750 -0.86719 -0.84375 -0.86719 -0.93750 -1.05469 -1.21875 -1.42969 -1.68750 -1.99219
-2.08594 -1.73438 -1.42969 -1.17188 -0.96094 -0.79688 -0.67969 -0.60938 -0.58594 -0.60938 -0.67969 -0.79688 -0.96094 -1.17188 -1.42969 -1.73438
-1.87500 -1.52344 -1.21875 -0.96094 -0.75000 -0.58594 -0.46875 -0.39844 -0.37500 -0.39844 -0.46875 -0.58594 -0.75000 -0.96094 -1.21875 -1.52344
-1.71094 -1.35938 -1.05469 -0.79688 -0.58594 -0.42188 -0.30469 -0.23438 -0.21094 -0.23438 -0.30469 -0.42188 -0.58594 -0.79688 -1.05469 -1.35938
-1.59375 -1.24219 -0.93750 -0.67969 -0.46875 -0.30469 -0.18750 -0.11719 -0.09375 -0.11719 -0.18750 -0.30469 -0.46875 -0.67969 -0.93750 -1.24219
-1.52344 -1.17188 -0.86719 -0.60938 -0.39844 -0.23438 -0.11719 -0.04688 -0.02344 -0.04688 -0.11719 -0.23438 -0.39844 -0.60938 -0.86719 -1.17188
-1.50000 -1.14844 -0.84375 -0.58594 -0.37500 -0.21094 -0.09375 -0.02344 0.00000 -0.02344 -0.09375 -0.21094 -0.37500 -0.58594 -0.84375 -1.14844
-1.52344 -1.17188 -0.86719 -0.60938 -0.39844 -0.23438 -0.11719 -0.04688 -0.02344 -0.04688 -0.11719 -0.23438 -0.39844 -0.60938 -0.86719 -1.17188
-1.59375 -1.24219 -0.93750 -0.67969 -0.46875 -0.30469 -0.18750 -0.11719 -0.09375 -0.11719 -0.18750 -0.30469 -0.46875 -0.67969 -0.93750 -1.24219
-1.71094 -1.35938 -1.05469 -0.79688 -0.58594 -0.42188 -0.30469 -0.23438 -0.21094 -0.23438 -0.30469 -0.42188 -0.58594 -0.79688 -1.05469 -1.35938
-1.87500 -1.52344 -1.21875 -0.96094 -0.75000 -0.58594 -0.46875 -0.39844 -0.37500 -0.39844 -0.46875 -0.58594 -0.75000 -0.96094 -1.21875 -1.52344
-2.08594 -1.73438 -1.42969 -1.17188 -0.96094 -0.79688 -0.67969 -0.60938 -0.58594 -0.60938 -0.67969 -0.79688 -0.96094 -1.17188 -1.42969 -1.73438
-2.34375 -1.99219 -1.68750 -1.42969 -1.21875 -1.05469 -0.93750 -0.86719 -0.84375 -0.86719 -0.93750 -1.05469 -1.21875 -1.42969 -1.68750 -1.99219
-2.64844 -2.29688 -1.99219 -1.73438 -1.52344 -1.35938 -1.24219 -1.17188 -1.14844 -1.17188 -1.24219 -1.35938 -1.52344 -1.73438 -1.99219 -2.29688
