0.24133137	0.25277337	0.26469506	0.27693828	0.28925791	0.30131488	0.31269312	0.32294515	0.33165119	0.33846604	0.34313927	0.34551334	0.34551334	0.34313927	0.33846604	0.33165119	0.32294515	0.31269312	0.30131488	0.28925791	0.27693828	0.26469506	0.25277337	0.24133137
0.25277337	0.26607898	0.28018217	0.29493551	0.31005802	0.32510231	0.33946788	0.35248674	0.36354746	0.37218199	0.37808197	0.38107105	0.38107105	0.37808197	0.37218199	0.36354746	0.35248674	0.33946788	0.32510231	0.31005802	0.29493551	0.28018217	0.26607898	0.25277337
0.26469506	0.28018217	0.29693585	0.31487418	0.33372083	0.35289561	0.37148051	0.38839306	0.40269456	0.41376417	0.42126667	0.42504683	0.42504683	0.42126667	0.41376417	0.40269456	0.38839306	0.37148051	0.35289561	0.33372083	0.31487418	0.29693585	0.28018217	0.26469506
0.27693828	0.29493551	0.31487418	0.33686131	0.36077571	0.38595693	0.41089155	0.43356170	0.45242095	0.46674238	0.47630420	0.48107841	0.48107841	0.47630420	0.46674238	0.45242095	0.43356170	0.41089155	0.38595693	0.36077571	0.33686131	0.31487418	0.29493551	0.27693828
0.28925791	0.31005802	0.33372083	0.36077571	0.39170722	0.42633504	0.46203026	0.49389234	0.51924474	0.53780968	0.54991980	0.55589067	0.55589067	0.54991980	0.53780968	0.51924474	0.49389234	0.46203026	0.42633504	0.39170722	0.36077571	0.33372083	0.31005802	0.28925791
0.30131488	0.32510231	0.35289561	0.38595693	0.42633504	0.47755918	0.53804462	0.58625047	0.62052823	0.64427506	0.65932960	0.66664855	0.66664855	0.65932960	0.64427506	0.62052823	0.58625047	0.53804462	0.47755918	0.42633504	0.38595693	0.35289561	0.32510231	0.30131488
0.31269312	0.33946788	0.37148051	0.41089155	0.46203026	0.53804462	0.68918772	0.76194267	0.80648214	0.83578626	0.85391355	0.86262269	0.86262269	0.85391355	0.83578626	0.80648214	0.76194267	0.68918772	0.53804462	0.46203026	0.41089155	0.37148051	0.33946788	0.31269312
0.32294515	0.35248674	0.38839306	0.43356170	0.49389234	0.58625047	0.76194267	0.85082155	0.90409734	0.93843361	0.95940162	0.96940581	0.96940581	0.95940162	0.93843361	0.90409734	0.85082155	0.76194267	0.58625047	0.49389234	0.43356170	0.38839306	0.35248674	0.32294515
0.33165119	0.36354746	0.40269456	0.45242095	0.51924474	0.62052823	0.80648214	0.90409734	0.96347428	1.00174347	1.02504472	1.03613562	1.03613562	1.02504472	1.00174347	0.96347428	0.90409734	0.80648214	0.62052823	0.51924474	0.45242095	0.40269456	0.36354746	0.33165119
0.33846604	0.37218199	0.41376417	0.46674238	0.53780968	0.64427506	0.83578626	0.93843361	1.00174347	1.04276949	1.06778751	1.07969743	1.07969743	1.06778751	1.04276949	1.00174347	0.93843361	0.83578626	0.64427506	0.53780968	0.46674238	0.41376417	0.37218199	0.33846604
0.34313927	0.37808197	0.42126667	0.47630420	0.54991980	0.65932960	0.85391355	0.95940162	1.02504472	1.06778751	1.09391173	1.10635950	1.10635950	1.09391173	1.06778751	1.02504472	0.95940162	0.85391355	0.65932960	0.54991980	0.47630420	0.42126667	0.37808197	0.34313927
0.34551334	0.38107105	0.42504683	0.48107841	0.55589067	0.66664855	0.86262269	0.96940581	1.03613562	1.07969743	1.10635950	1.11907179	1.11907179	1.10635950	1.07969743	1.03613562	0.96940581	0.86262269	0.66664855	0.55589067	0.48107841	0.42504683	0.38107105	0.34551334
0.34551334	0.38107105	0.42504683	0.48107841	0.55589067	0.66664855	0.86262269	0.96940581	1.03613562	1.07969743	1.10635950	1.11907179	1.11907179	1.10635950	1.07969743	1.03613562	0.96940581	0.86262269	0.66664855	0.55589067	0.48107841	0.42504683	0.38107105	0.34551334
0.34313927	0.37808197	0.42126667	0.47630420	0.54991980	0.65932960	0.85391355	0.95940162	1.02504472	1.06778751	1.09391173	1.10635950	1.10635950	1.09391173	1.06778751	1.02504472	0.95940162	0.85391355	0.65932960	0.54991980	0.47630420	0.42126667	0.37808197	0.34313927
0.33846604	0.37218199	0.41376417	0.46674238	0.53780968	0.64427506	0.83578626	0.93843361	1.00174347	1.04276949	1.06778751	1.07969743	1.07969743	1.06778751	1.04276949	1.00174347	0.93843361	0.83578626	0.64427506	0.53780968	0.46674238	0.41376417	0.37218199	0.33846604
0.33165119	0.36354746	0.40269456	0.45242095	0.51924474	0.62052823	0.80648214	0.90409734	0.96347428	1.00174347	1.02504472	1.03613562	1.03613562	1.02504472	1.00174347	0.96347428	0.90409734	0.80648214	0.62052823	0.51924474	0.45242095	0.40269456	0.36354746	0.33165119
0.32294515	0.35248674	0.38839306	0.43356170	0.49389234	0.58625047	0.76194267	0.85082155	0.90409734	0.93843361	0.95940162	0.96940581	0.96940581	0.95940162	0.93843361	0.90409734	0.85082155	0.76194267	0.58625047	0.49389234	0.43356170	0.38839306	0.35248674	0.32294515
0.31269312	0.33946788	0.37148051	0.41089155	0.46203026	0.53804462	0.68918772	0.76194267	0.80648214	0.83578626	0.85391355	0.86262269	0.86262269	0.85391355	0.83578626	0.80648214	0.76194267	0.68918772	0.53804462	0.46203026	0.41089155	0.37148051	0.33946788	0.31269312
0.30131488	0.32510231	0.35289561	0.38595693	0.42633504	0.47755918	0.53804462	0.58625047	0.62052823	0.64427506	0.65932960	0.66664855	0.66664855	0.65932960	0.64427506	0.62052823	0.58625047	0.53804462	0.47755918	0.42633504	0.38595693	0.35289561	0.32510231	0.30131488
0.28925791	0.31005802	0.33372083	0.36077571	0.39170722	0.42633504	0.46203026	0.49389234	0.51924474	0.53780968	0.54991980	0.55589067	0.55589067	0.54991980	0.53780968	0.51924474	0.49389234	0.46203026	0.42633504	0.39170722	0.36077571	0.33372083	0.31005802	0.28925791
0.27693828	0.29493551	0.31487418	0.33686131	0.36077571	0.38595693	0.41089155	0.43356170	0.45242095	0.46674238	0.47630420	0.48107841	0.48107841	0.47630420	0.46674238	0.45242095	0.43356170	0.41089155	0.38595693	0.36077571	0.33686131	0.31487418	0.29493551	0.27693828
0.26469506	0.28018217	0.29693585	0.31487418	0.33372083	0.35289561	0.37148051	0.38839306	0.40269456	0.41376417	0.42126667	0.42504683	0.42504683	0.42126667	0.41376417	0.40269456	0.38839306	0.37148051	0.35289561	0.33372083	0.31487418	0.29693585	0.28018217	0.26469506
0.25277337	0.26607898	0.28018217	0.29493551	0.31005802	0.32510231	0.33946788	0.35248674	0.36354746	0.37218199	0.37808197	0.38107105	0.38107105	0.37808197	0.37218199	0.36354746	0.35248674	0.33946788	0.32510231	0.31005802	0.29493551	0.28018217	0.26607898	0.25277337
0.24133137	0.25277337	0.26469506	0.27693828	0.28925791	0.30131488	0.31269312	0.32294515	0.33165119	0.33846604	0.34313927	0.34551334	0.34551334	0.34313927	0.33846604	0.33165119	0.32294515	0.31269312	0.30131488	0.28925791	0.27693828	0.26469506	0.25277337	0.24133137
