0.24358675	0.25765469	0.27239104	0.28746112	0.30233113	0.31628422	0.32852397	0.33832485	0.34514005	0.34862741	0.34862741	0.34514005	0.33832485	0.32852397	0.31628422	0.30233113	0.28746112	0.27239104	0.25765469	0.24358675
0.25765469	0.27459172	0.29280690	0.31196769	0.33137615	0.34992738	0.36631735	0.37941329	0.38846507	0.39307269	0.39307269	0.38846507	0.37941329	0.36631735	0.34992738	0.33137615	0.31196769	0.29280690	0.27459172	0.25765469
0.27239104	0.29280690	0.31550122	0.34032397	0.36647538	0.39212748	0.41484028	0.43273085	0.44489024	0.45100815	0.45100815	0.44489024	0.43273085	0.41484028	0.39212748	0.36647538	0.34032397	0.31550122	0.29280690	0.27239104
0.28746112	0.31196769	0.34032397	0.37310339	0.41007690	0.44806882	0.48116426	0.50609788	0.52245641	0.53052472	0.53052472	0.52245641	0.50609788	0.48116426	0.44806882	0.41007690	0.37310339	0.34032397	0.31196769	0.28746112
0.30233113	0.33137615	0.36647538	0.41007690	0.46639912	0.53351144	0.58551505	0.62034939	0.64195995	0.65234919	0.65234919	0.64195995	0.62034939	0.58551505	0.53351144	0.46639912	0.41007690	0.36647538	0.33137615	0.30233113
0.31628422	0.34992738	0.39212748	0.44806882	0.53351144	0.70872615	0.78943122	0.83572536	0.86300215	0.87583229	0.87583229	0.86300215	0.83572536	0.78943122	0.70872615	0.53351144	0.44806882	0.39212748	0.34992738	0.31628422
0.32852397	0.36631735	0.41484028	0.48116426	0.58551505	0.78943122	0.88867180	0.94456380	0.97687917	0.99192001	0.99192001	0.97687917	0.94456380	0.88867180	0.78943122	0.58551505	0.48116426	0.41484028	0.36631735	0.32852397
0.33832485	0.37941329	0.43273085	0.50609788	0.62034939	0.83572536	0.94456380	1.00686053	1.04292523	1.05968426	1.05968426	1.04292523	1.00686053	0.94456380	0.83572536	0.62034939	0.50609788	0.43273085	0.37941329	0.33832485
0.34514005	0.38846507	0.44489024	0.52245641	0.64195995	0.86300215	0.97687917	1.04292523	1.08136183	1.09925186	1.09925186	1.08136183	1.04292523	0.97687917	0.86300215	0.64195995	0.52245641	0.44489024	0.38846507	0.34514005
0.34862741	0.39307269	0.45100815	0.53052472	0.65234919	0.87583229	0.99192001	1.05968426	1.09925186	1.11769435	1.11769435	1.09925186	1.05968426	0.99192001	0.87583229	0.65234919	0.53052472	0.45100815	0.39307269	0.34862741
0.34862741	0.39307269	0.45100815	0.53052472	0.65234919	0.87583229	0.99192001	1.05968426	1.09925186	1.11769435	1.11769435	1.09925186	1.05968426	0.99192001	0.87583229	0.65234919	0.53052472	0.45100815	0.39307269	0.34862741
0.34514005	0.38846507	0.44489024	0.52245641	0.64195995	0.86300215	0.97687917	1.04292523	1.08136183	1.09925186	1.09925186	1.08136183	1.04292523	0.97687917	0.86300215	0.64195995	0.52245641	0.44489024	0.38846507	0.34514005
0.33832485	0.37941329	0.43273085	0.50609788	0.62034939	0.83572536	0.94456380	1.00686053	1.04292523	1.05968426	1.05968426	1.04292523	1.00686053	0.94456380	0.83572536	0.62034939	0.50609788	0.43273085	0.37941329	0.33832485
0.32852397	0.36631735	0.41484028	0.48116426	0.58551505	0.78943122	0.88867180	0.94456380	0.97687917	0.99192001	0.99192001	0.97687917	0.94456380	0.88867180	0.78943122	0.58551505	0.48116426	0.41484028	0.36631735	0.32852397
0.31628422	0.34992738	0.39212748	0.44806882	0.53351144	0.70872615	0.78943122	0.83572536	0.86300215	0.87583229	0.87583229	0.86300215	0.83572536	0.78943122	0.70872615	0.53351144	0.44806882	0.39212748	0.34992738	0.31628422
0.30233113	0.33137615	0.36647538	0.41007690	0.46639912	0.53351144	0.58551505	0.62034939	0.64195995	0.65234919	0.65234919	0.64195995	0.62034939	0.58551505	0.53351144	0.46639912	0.41007690	0.36647538	0.33137615	0.30233113
0.28746112	0.31196769	0.34032397	0.37310339	0.41007690	0.44806882	0.48116426	0.50609788	0.52245641	0.53052472	0.53052472	0.52245641	0.50609788	0.48116426	0.44806882	0.41007690	0.37310339	0.34032397	0.31196769	0.28746112
0.27239104	0.29280690	0.31550122	0.34032397	0.36647538	0.39212748	0.41484028	0.43273085	0.44489024	0.45100815	0.45100815	0.44489024	0.43273085	0.41484028	0.39212748	0.36647538	0.34032397	0.31550122	0.29280690	0.27239104
0.25765469	0.27459172	0.29280690	0.31196769	0.33137615	0.34992738	0.36631735	0.37941329	0.38846507	0.39307269	0.39307269	0.38846507	0.37941329	0.36631735	0.34992738	0.33137615	0.31196769	0.29280690	0.27459172	0.25765469
0.24358675	0.25765469	0.27239104	0.28746112	0.30233113	0.31628422	0.32852397	0.33832485	0.34514005	0.34862741	0.34862741	0.34514005	0.33832485	0.32852397	0.31628422	0.30233113	0.28746112	0.27239104	0.25765469	0.24358675
